Data/jpg/archieve281.jpg 143,67,257,195,2
Data/jpg/archieve584.jpg 95,195,193,338,1
Data/jpg/archieve328.jpg 142,13,249,133,2
Data/jpg/archieve552.jpg 101,151,228,327,2
Data/jpg/archieve654.jpg 166,67,260,160,2
Data/jpg/archieve467.jpg 133,82,157,109,2,217,76,243,103,2,322,62,341,83,2
Data/jpg/archieve679.jpg 133,29,173,56,1,30,52,74,94,2,18,119,83,191,2,140,70,191,124,2,230,63,344,171,2,375,50,400,116,2
Data/jpg/archieve404.jpg 119,38,148,73,2
Data/jpg/archieve655.jpg 293,153,361,212,2
Data/jpg/archieve535.jpg 100,57,148,100,2
Data/jpg/archieve729.jpg 46,44,61,69,2,36,98,47,121,2,75,139,84,160,2,89,35,113,57,2,127,25,147,49,2,250,126,274,153,2,248,71,269,96,2,330,24,350,48,2
Data/jpg/archieve737.jpg 156,167,259,304,2
Data/jpg/archieve387.jpg 108,60,127,79,2,201,84,217,102,2,313,74,331,97,2
Data/jpg/archieve568.jpg 3,151,51,234,2,162,9,178,27,1,117,7,141,26,2,11,1,33,12,2,93,37,114,59,2,125,37,153,65,2,228,48,244,67,1,209,61,233,84,1,264,27,287,53,2,322,43,340,65,2,295,117,328,146,2,361,86,386,109,2,185,99,213,130,2
Data/jpg/archieve441.jpg 85,97,184,207,0
Data/jpg/archieve833.jpg 48,52,67,70,2,95,20,109,36,2,213,29,231,50,2,354,15,375,41,2
Data/jpg/archieve479.jpg 82,63,103,87,2,194,30,216,56,2,200,91,234,128,2
Data/jpg/archieve50.jpg 102,200,194,333,2
Data/jpg/archieve779.jpg 214,54,291,132,2
Data/jpg/archieve78.jpg 152,262,220,367,2
Data/jpg/archieve335.jpg 65,87,106,134,2,203,75,232,114,2,258,77,297,123,2,367,80,394,112,1
Data/jpg/archieve443.jpg 92,46,112,67,2,151,59,163,72,2,166,53,179,67,1,175,76,188,86,1,194,57,207,74,0,239,53,248,64,2,251,72,264,89,2,292,69,306,89,2,321,56,340,77,1,355,67,375,90,2,130,76,141,85,1
Data/jpg/archieve569.jpg 117,66,141,93,2,122,124,137,139,2,192,22,227,63,2
Data/jpg/archieve553.jpg 295,125,317,149,2,344,115,366,142,2
Data/jpg/archieve405.jpg 136,101,258,226,2
Data/jpg/archieve748.jpg 45,190,80,235,1,108,150,169,212,1
Data/jpg/archieve488.jpg 27,81,33,86,1,122,80,142,104,2,249,57,275,86,2
Data/jpg/archieve313.jpg 47,210,157,359,2
Data/jpg/archieve575.jpg 1,121,18,142,2,27,112,45,131,2,68,112,87,131,2,107,106,124,123,2,131,109,149,131,2,185,115,203,135,2,197,103,208,126,2,241,111,251,124,2,267,76,288,101,2,337,83,361,107,2,394,92,401,111,2,362,90,381,111,2,249,110,263,129,1,154,122,171,142,1,95,115,114,137,1
Data/jpg/archieve793.jpg 291,54,352,113,2,165,115,213,165,2,66,91,115,136,2
Data/jpg/archieve139.jpg 143,92,166,119,2,138,51,169,67,2,247,135,271,170,2,224,105,240,135,2,274,54,284,65,2,100,49,113,61,0,30,50,38,58,1,199,43,209,56,1,298,39,306,52,1,224,83,239,97,1,352,73,363,82,2,367,76,382,92,1,371,100,382,123,1,381,76,393,88,1
Data/jpg/archieve376.jpg 82,43,113,89,2,131,111,147,131,2,145,114,155,131,2,205,109,232,139,2,276,102,302,131,2
Data/jpg/archieve540.jpg 7,116,55,163,1,110,112,161,161,2,162,134,227,210,2,229,120,255,160,1,267,143,326,200,2,343,129,400,183,1
Data/jpg/archieve151.jpg 175,40,220,86,2,112,101,123,112,2,3,72,12,89,2,388,122,400,133,2,341,125,352,136,2
Data/jpg/archieve838.jpg 22,121,77,181,2,231,76,290,144,2,335,135,395,198,1,78,105,111,149,1
Data/jpg/archieve705.jpg 143,72,271,199,2
Data/jpg/archieve478.jpg 12,58,45,86,2,135,53,164,83,2,170,89,182,103,1,199,85,208,94,2,215,80,224,94,2,239,53,278,91,2,336,32,386,78,2,223,97,232,107,2
Data/jpg/archieve382.jpg 89,169,215,309,1
Data/jpg/archieve163.jpg 32,25,57,54,2,23,162,38,179,2,64,164,82,183,2,168,124,197,154,2,227,157,248,181,2,360,15,379,37,2,339,19,354,39,2
Data/jpg/archieve673.jpg 1,162,74,246,2,49,87,85,138,2,114,92,172,156,2,65,45,107,101,2,187,120,268,202,2,252,22,296,71,2,338,15,380,74,2,329,138,390,204,2
Data/jpg/archieve92.jpg 70,58,93,82,2,100,57,124,82,2,271,43,305,80,1
Data/jpg/archieve229.jpg 202,61,246,103,2,190,115,224,150,2
Data/jpg/archieve541.jpg 111,106,146,164,2,194,115,224,164,2,22,120,50,161,2
Data/jpg/archieve354.jpg 115,200,217,338,2
Data/jpg/archieve8.jpg 178,143,213,202,2,280,103,312,145,2,320,79,352,119,2,365,53,390,84,2,243,36,267,67,2,115,47,146,87,2,33,88,65,131,2,29,202,65,265,2,26,34,52,66,2
Data/jpg/archieve694.jpg 117,153,162,200,2,204,20,221,41,2,282,17,307,40,1,243,74,264,98,2,110,11,117,19,1,131,14,138,22,1,166,8,174,15,1,322,38,333,47,2,269,10,278,20,2,233,6,240,16,1,245,1,250,7,1,145,21,154,32,2,141,30,156,53,2
Data/jpg/archieve559.jpg 84,163,184,300,2
Data/jpg/archieve176.jpg 4,106,42,163,2,41,114,88,163,2,101,95,143,146,2,102,17,144,58,2,24,23,61,56,1,193,44,232,95,2,362,89,399,142,2,342,34,379,71,2
Data/jpg/archieve188.jpg 73,76,148,137,2,187,60,225,117,1,48,95,77,122,1,10,71,33,92,2
Data/jpg/archieve780.jpg 62,71,76,85,2,184,76,198,92,2,248,61,265,79,2,317,65,334,81,2
Data/jpg/archieve21.jpg 131,224,227,346,2
Data/jpg/archieve85.jpg 113,61,174,122,2,195,50,228,112,2
Data/jpg/archieve719.jpg 29,198,135,324,2
Data/jpg/archieve172.jpg 118,41,161,91,2,191,76,208,96,2,174,125,203,156,2,209,124,237,151,2,194,181,233,216,2,287,144,327,179,0,226,86,238,98,1,155,83,172,103,1,32,57,49,89,1,385,77,400,93,1
Data/jpg/archieve777.jpg 29,66,47,82,2,45,41,65,63,2,11,217,65,263,2,84,239,134,285,2,304,210,325,230,2,317,249,333,266,2,340,251,369,275,2
Data/jpg/archieve49.jpg 144,110,244,235,2
Data/jpg/archieve683.jpg 244,70,348,183,2
Data/jpg/archieve499.jpg 185,79,215,110,2,256,66,273,85,1
Data/jpg/archieve265.jpg 115,32,145,70,2
Data/jpg/archieve459.jpg 152,100,241,182,2
Data/jpg/archieve133.jpg 139,223,251,371,1
Data/jpg/archieve162.jpg 53,108,96,149,1,171,70,225,130,2,315,34,400,130,1
Data/jpg/archieve319.jpg 83,43,110,75,0,139,65,167,94,2,185,70,204,89,2,228,67,248,88,2,249,76,262,90,2,262,68,273,81,2,283,73,288,80,1,290,72,295,78,1,314,75,320,81,2
Data/jpg/archieve221.jpg 124,114,209,212,2,248,52,324,140,2
Data/jpg/archieve32.jpg 98,46,130,80,2
Data/jpg/archieve605.jpg 131,126,277,284,2
Data/jpg/archieve79.jpg 73,179,169,297,2
Data/jpg/archieve69.jpg 71,82,151,153,2,246,107,326,195,2
Data/jpg/archieve116.jpg 15,158,35,187,2,46,126,70,153,2,92,99,120,132,2,180,127,213,165,2,300,135,332,169,2,348,154,371,181,2
Data/jpg/archieve346.jpg 29,184,63,216,2,50,165,74,194,2,107,175,139,208,2,181,151,201,172,2,202,188,236,225,2,234,183,247,207,2,253,169,271,189,2,283,203,315,235,2,337,186,361,210,2
Data/jpg/archieve701.jpg 142,66,164,111,2,191,67,225,101,2,308,82,329,127,2
Data/jpg/archieve363.jpg 203,122,349,266,2
Data/jpg/archieve105.jpg 13,175,97,254,2,133,56,258,172,2
Data/jpg/archieve177.jpg 133,43,194,108,0
Data/jpg/archieve684.jpg 78,139,108,174,2,180,155,206,182,2,305,189,326,212,2,375,124,400,157,2
Data/jpg/archieve336.jpg 87,117,136,171,2,165,95,214,148,2,281,84,331,135,2
Data/jpg/archieve236.jpg 21,32,44,59,2,63,37,85,60,2,228,28,248,50,2,248,78,268,100,2,333,51,348,70,2,388,63,396,72,1
Data/jpg/archieve771.jpg 134,147,241,275,2
Data/jpg/archieve361.jpg 3,49,16,64,2,42,11,66,40,2,100,66,109,82,2,144,68,155,81,0,157,24,170,45,2,202,29,212,48,2,197,45,208,60,2,256,44,270,60,2,276,46,289,62,2,305,63,312,73,2,320,48,335,64,2,351,55,363,69,2,366,55,376,70,2
Data/jpg/archieve647.jpg 81,174,222,331,2
Data/jpg/archieve829.jpg 101,197,180,306,2
Data/jpg/archieve326.jpg 168,76,292,211,2
Data/jpg/archieve471.jpg 1,174,17,211,1,112,134,150,182,1,124,193,148,218,1
Data/jpg/archieve17.jpg 133,108,148,124,2,203,117,214,131,2,294,115,308,130,2,228,119,241,134,1
Data/jpg/archieve47.jpg 37,74,188,247,2,210,114,336,255,2
Data/jpg/archieve271.jpg 28,53,54,81,1,86,46,103,64,2,103,49,116,62,2,130,42,144,58,2,72,93,99,120,2,106,116,145,158,2,152,48,162,60,2,160,56,173,70,2,184,64,203,91,2,213,47,226,66,2,252,95,287,130,2,320,192,385,255,2,297,62,320,85,2
Data/jpg/archieve123.jpg 37,50,63,78,1,63,79,88,101,1,64,112,91,141,1,88,44,112,72,1,120,99,150,133,1,161,102,197,143,2,206,51,228,79,1,227,124,260,157,1,236,91,262,119,1,338,116,370,155,2,374,63,396,88,1,267,22,289,44,1,344,35,361,52,1,183,49,205,69,1
Data/jpg/archieve587.jpg 42,27,69,52,1,132,5,144,20,1,191,9,205,25,1,204,14,225,39,2,142,34,166,55,1,130,63,161,96,2,68,75,93,91,1,36,167,63,194,0,109,91,139,125,0,169,77,213,121,0,243,41,260,59,1,256,44,282,72,2,327,41,365,80,2,263,132,310,182,2
Data/jpg/archieve291.jpg 173,33,206,71,2
Data/jpg/archieve757.jpg 344,67,365,84,2,231,128,301,179,2,95,60,151,130,2,176,77,224,110,2,158,61,176,84,2,250,46,259,55,2,339,45,347,52,2,370,49,381,59,2
Data/jpg/archieve235.jpg 209,90,278,165,2,144,60,202,135,2
Data/jpg/archieve370.jpg 20,71,76,129,0,150,114,197,171,2,201,149,230,192,2,241,153,291,205,2,309,140,345,185,2,250,67,275,99,2,276,60,302,87,2,196,48,214,72,2,214,35,234,57,2,178,65,204,87,2,232,11,248,26,2,266,6,281,19,2,207,8,222,22,2
Data/jpg/archieve14.jpg 6,111,43,148,1,22,20,49,46,1,48,12,70,37,2,113,1,136,24,2,78,17,106,46,1,97,66,115,86,1,70,111,104,145,1,42,157,85,186,1,59,205,111,264,2,116,155,172,198,1,112,85,149,118,1,124,27,153,47,1,163,29,189,53,1,186,18,215,44,2,178,77,214,111,2,216,57,241,84,1,237,15,268,46,1,281,19,308,40,1,286,60,311,84,1,253,94,293,135,2,236,161,273,195,1,282,194,322,232,2,314,115,350,152,2,335,27,359,52,1,381,14,401,34,1,356,72,385,98,2
Data/jpg/archieve685.jpg 81,168,127,221,2,1,169,24,228,1
Data/jpg/archieve384.jpg 109,156,124,180,1,242,146,282,184,2,301,132,332,164,2,346,159,383,196,2
Data/jpg/archieve41.jpg 49,157,144,225,2,151,67,270,198,2
Data/jpg/archieve555.jpg 86,144,198,281,2
Data/jpg/archieve519.jpg 101,76,128,101,2,237,73,255,89,0,195,70,210,103,2,267,74,290,99,2,13,82,25,92,2,37,87,48,100,2,1,87,14,99,2
Data/jpg/archieve804.jpg 7,59,20,78,2,36,53,55,73,2,97,133,111,147,2,115,90,130,108,2,133,75,147,89,2,159,85,176,100,2,180,86,193,98,2,222,78,235,93,2,248,81,262,96,2,282,68,296,82,2,81,68,96,85,1,120,74,131,85,1,207,80,219,96,1,151,76,165,91,1
Data/jpg/archieve423.jpg 85,152,190,279,1
Data/jpg/archieve71.jpg 86,181,191,308,2
Data/jpg/archieve830.jpg 158,43,191,85,2
Data/jpg/archieve442.jpg 111,226,194,331,2
Data/jpg/archieve73.jpg 12,47,40,73,2,44,51,66,75,2,80,42,99,63,2,153,39,179,65,1,203,35,225,59,1,256,45,271,63,2,292,58,311,77,2,327,64,346,83,2,361,37,386,64,2
Data/jpg/archieve507.jpg 95,111,111,128,2,162,95,179,115,2,256,98,270,114,2,310,108,327,130,2
Data/jpg/archieve260.jpg 62,213,166,319,2
Data/jpg/archieve839.jpg 129,284,211,387,2
Data/jpg/archieve86.jpg 132,55,157,97,2,15,68,47,104,2,55,47,81,80,2,144,95,169,128,2,166,66,189,95,2,222,47,260,82,2,89,60,104,86,2,237,86,277,135,0,291,79,319,115,1,371,63,392,90,1,387,59,400,92,1
Data/jpg/archieve182.jpg 151,179,260,316,2
Data/jpg/archieve251.jpg 90,123,224,277,2
Data/jpg/archieve414.jpg 65,71,100,113,2,134,61,153,88,1,168,35,194,68,1,363,52,386,75,2,336,78,357,95,2
Data/jpg/archieve766.jpg 32,24,59,54,2,161,40,179,53,2,272,53,288,70,2,290,40,304,58,2
Data/jpg/archieve557.jpg 78,176,178,304,2
Data/jpg/archieve81.jpg 207,122,361,291,2
Data/jpg/archieve16.jpg 90,84,138,131,0
Data/jpg/archieve775.jpg 13,84,27,106,2,44,57,60,77,2,76,80,90,93,2,122,69,137,87,2,190,73,206,91,2,228,82,241,100,2,281,67,295,85,2,368,61,390,97,1
Data/jpg/archieve403.jpg 218,185,263,229,2,300,124,347,176,2,368,135,395,196,2,369,47,395,81,2,244,117,281,159,2,141,80,186,128,2,92,72,125,109,2,57,106,91,140,2,21,95,45,121,2
Data/jpg/archieve628.jpg 110,70,176,140,2
Data/jpg/archieve527.jpg 442,45,494,100,2,408,77,449,133,2,188,60,267,139,2,270,53,308,125,2,85,117,158,189,2,16,140,81,183,2
Data/jpg/archieve187.jpg 161,23,185,45,2,225,18,247,42,2,197,75,216,100,2,272,114,295,138,2
Data/jpg/archieve803.jpg 176,94,224,149,2,371,108,400,144,1
Data/jpg/archieve632.jpg 38,248,111,354,2
Data/jpg/archieve124.jpg 40,137,109,218,2,54,57,111,112,2,189,78,246,140,2,311,48,358,98,2,182,32,221,60,1
Data/jpg/archieve127.jpg 115,75,169,135,2
Data/jpg/archieve691.jpg 39,73,71,141,2,90,110,135,170,2,175,73,230,127,2,238,100,290,164,2,327,36,366,76,2
Data/jpg/archieve799.jpg 122,226,233,374,1
Data/jpg/archieve13.jpg 23,114,77,172,0,147,157,200,211,2,201,191,230,234,2,243,192,293,247,2,309,182,346,224,2,249,108,276,140,2,275,99,303,128,2,195,90,214,113,2,214,76,237,99,2,232,50,247,67,2,266,45,281,61,2,207,47,222,63,2,227,36,239,48,2,253,33,267,45,2,290,31,304,41,2,362,32,372,40,2
Data/jpg/archieve2.jpg 98,267,194,383,2
Data/jpg/archieve262.jpg 96,74,136,127,2,193,100,234,146,2,259,105,305,151,2,334,106,367,144,1
Data/jpg/archieve464.jpg 89,81,111,111,2,128,62,158,92,2,158,58,178,82,2,192,50,221,83,2,254,78,284,108,2,327,61,346,81,2,35,64,51,80,2
Data/jpg/archieve726.jpg 78,16,82,21,2,85,16,90,22,2,100,14,106,20,2,125,6,135,20,2,115,29,128,37,2,55,15,66,29,2,178,20,185,34,2,194,21,210,40,2,235,42,241,48,2,271,20,287,37,2,344,23,358,44,2
Data/jpg/archieve131.jpg 8,64,43,93,2,225,44,261,93,2,208,52,225,77,2,328,48,348,66,2,138,55,169,82,1
Data/jpg/archieve542.jpg 69,152,99,181,2,208,24,247,58,2
Data/jpg/archieve457.jpg 114,159,213,286,1
Data/jpg/archieve194.jpg 81,143,187,277,2
Data/jpg/archieve263.jpg 12,153,125,293,2
Data/jpg/archieve180.jpg 24,236,49,262,2,77,236,100,262,2,122,245,144,270,2,189,258,216,284,2,306,220,331,242,2,371,244,393,259,2,255,187,278,210,2,331,144,350,162,2,386,162,399,181,2,281,144,296,160,2,207,194,229,215,2,153,184,175,205,2,85,166,97,189,2,65,161,87,185,2,39,161,59,183,2,1,153,11,175,2,1,112,17,125,2,44,109,62,127,2,98,121,114,138,2,129,118,147,136,2,178,136,199,154,2,219,140,239,158,2,378,98,395,116,2,321,87,332,105,2,282,83,298,102,2,252,85,270,99,2,208,67,224,85,2,187,69,201,87,2,143,56,157,74,2,111,62,124,78,2,66,54,79,70,2,27,52,43,71,2,1,50,16,67,2,2,23,14,37,2,43,25,52,39,2,77,35,90,51,2,128,36,140,53,2,189,28,200,45,2,223,37,237,55,2,272,46,286,64,2,308,39,324,58,2,354,50,368,67,2,390,55,400,73,2,321,12,333,26,2,290,14,304,29,2,251,11,264,28,2,235,1,245,13,2,200,11,213,25,2,173,13,186,25,2,146,8,159,22,2,110,3,125,17,2,66,11,76,22,2,40,1,50,15,2
Data/jpg/archieve183.jpg 50,167,87,207,1,164,124,216,185,2,305,122,362,187,2
Data/jpg/archieve259.jpg 25,69,48,93,2,88,87,107,106,0,128,61,149,84,2,127,157,168,209,2,147,110,181,145,2,208,61,220,77,2,229,96,265,137,2,263,46,277,65,0,270,72,288,92,2,298,108,321,133,2,308,65,328,86,2,334,119,381,163,2,365,49,380,65,2,342,49,358,67,2,1,148,23,179,2
Data/jpg/archieve419.jpg 353,17,381,51,2,210,40,238,68,2,17,72,41,97,2,105,61,129,86,2,94,116,118,152,2,286,52,309,76,1,116,110,143,138,1
Data/jpg/archieve702.jpg 146,106,157,123,2,192,75,205,95,2,243,122,256,141,2
Data/jpg/archieve286.jpg 113,178,218,302,2
Data/jpg/archieve809.jpg 48,144,177,307,2
Data/jpg/archieve274.jpg 186,110,218,142,2,148,109,182,136,1
Data/jpg/archieve515.jpg 163,81,241,173,0
Data/jpg/archieve230.jpg 207,120,223,135,2,306,139,321,152,2,343,141,359,155,1,280,128,295,141,1,256,118,270,130,1,182,118,195,133,1,139,116,155,130,1,171,113,184,125,1,72,114,89,129,0,107,114,120,129,0,94,161,107,175,0,239,122,255,137,0,25,128,33,137,2,333,134,342,142,1
Data/jpg/archieve29.jpg 91,146,143,204,2,239,126,290,182,2,378,146,399,171,2,1,170,20,196,1,333,133,360,170,1
Data/jpg/archieve506.jpg 96,44,117,73,2,84,162,106,182,2,167,50,193,83,2,229,24,265,71,2,265,57,289,89,2
Data/jpg/archieve237.jpg 176,38,222,92,2,222,57,252,84,2,300,32,326,57,2,31,34,63,61,2,77,47,107,68,2
Data/jpg/archieve377.jpg 78,22,92,36,2,152,13,166,28,2,233,32,246,46,2,293,28,304,46,2
Data/jpg/archieve667.jpg 253,116,342,210,2,152,96,222,174,2,120,134,173,194,2,118,66,135,90,1
Data/jpg/archieve845.jpg 12,141,39,174,2,116,115,148,151,2,179,79,249,149,2,323,95,359,143,2,87,123,108,147,2,16,115,38,139,1,249,122,264,141,2,356,117,370,143,2
Data/jpg/archieve656.jpg 145,93,280,241,2
Data/jpg/archieve9.jpg 154,51,423,391,2
Data/jpg/archieve226.jpg 146,43,174,72,2,205,77,228,102,2,90,176,143,225,2,191,196,240,225,2,325,34,348,58,2,246,24,272,47,2,279,22,303,51,2,193,43,219,72,2,207,3,217,20,2,155,11,173,30,2,103,1,115,15,2,55,12,73,29,2,11,21,31,36,2,77,6,89,20,2,308,1,324,19,2,85,19,100,37,1
Data/jpg/archieve607.jpg 53,184,173,323,2
Data/jpg/archieve358.jpg 96,171,197,282,1
Data/jpg/archieve564.jpg 224,102,256,135,2,133,126,158,149,2
Data/jpg/archieve82.jpg 96,233,186,341,1
Data/jpg/archieve765.jpg 14,95,45,131,2,116,93,147,126,2,210,105,241,137,2,307,92,332,123,2,388,87,418,121,2
Data/jpg/archieve491.jpg 107,129,202,245,1
Data/jpg/archieve169.jpg 180,64,222,107,2,85,65,118,103,1,135,36,154,64,1,26,42,59,85,0,341,32,385,85,0
Data/jpg/archieve179.jpg 73,87,174,206,2,245,152,327,239,2
Data/jpg/archieve210.jpg 28,201,52,216,2,143,93,175,126,2,198,97,229,125,2
Data/jpg/archieve406.jpg 57,67,107,122,2,188,111,218,146,2,233,83,262,117,2,268,187,290,216,2
Data/jpg/archieve409.jpg 56,89,98,127,2,181,62,215,95,2,291,61,318,91,2,318,91,348,120,2,261,73,278,96,0,152,76,171,98,1
Data/jpg/archieve743.jpg 4,58,15,70,2,49,21,67,40,2,80,68,98,87,2,127,57,139,71,2,204,37,219,54,2,227,113,243,129,2
Data/jpg/archieve699.jpg 41,57,57,74,2,104,45,120,63,2,188,60,202,73,2,263,84,278,102,2,349,71,363,86,0,381,82,395,100,2
Data/jpg/archieve815.jpg 90,80,212,247,0
Data/jpg/archieve119.jpg 86,244,156,346,2
Data/jpg/archieve420.jpg 36,15,52,33,1,62,49,81,67,1,57,90,78,111,1,45,138,65,157,2,181,32,198,50,1,162,73,182,91,2,179,99,198,117,2,168,144,189,165,2,288,9,306,26,2,319,36,339,53,2,315,71,332,85,1,273,105,291,124,1,308,162,328,173,2
Data/jpg/archieve368.jpg 116,46,172,108,2,7,121,31,147,2
Data/jpg/archieve805.jpg 183,5,266,92,2,341,114,381,164,2,353,86,379,147,2,42,71,70,133,1
Data/jpg/archieve318.jpg 125,76,157,113,2,385,25,396,46,1,217,27,229,41,1,51,20,61,31,1,87,15,97,27,1
Data/jpg/archieve783.jpg 161,170,227,248,2
Data/jpg/archieve140.jpg 214,112,298,200,2
Data/jpg/archieve573.jpg 103,197,207,332,2
Data/jpg/archieve186.jpg 74,205,180,330,2
Data/jpg/archieve565.jpg 67,70,146,161,2,239,81,357,175,2
Data/jpg/archieve709.jpg 28,55,46,71,2,98,62,111,78,2,159,50,193,90,0,293,59,313,80,2,352,51,372,72,2,228,53,241,73,2
Data/jpg/archieve225.jpg 82,159,180,272,2
Data/jpg/archieve311.jpg 129,197,212,317,1
Data/jpg/archieve461.jpg 75,45,106,83,2,112,39,140,68,2,184,49,213,80,2
Data/jpg/archieve344.jpg 1,66,26,94,2,19,46,44,73,2,76,38,104,61,1,129,37,148,55,2,154,34,182,52,2,151,64,180,89,2,51,64,94,106,2,195,64,228,92,2,309,77,344,112,2,256,45,283,69,1
Data/jpg/archieve646.jpg 28,76,44,101,2,159,66,176,86,2,174,34,186,53,2,202,39,218,61,2,235,41,249,57,1,249,43,266,65,0,296,39,312,56,2,332,51,346,69,2,375,48,388,63,2,387,46,400,65,0
Data/jpg/archieve658.jpg 316,105,360,134,2,258,75,287,110,2,232,74,261,105,2,204,64,232,93,2,163,66,188,94,2,152,62,166,89,2,138,67,152,90,2,112,43,134,67,2,94,56,116,78,2,42,64,55,79,2,3,54,18,72,2
Data/jpg/archieve652.jpg 54,173,158,299,2
Data/jpg/archieve153.jpg 163,164,269,299,1
Data/jpg/archieve112.jpg 68,42,105,69,2,154,47,178,74,2,238,34,262,69,2,333,31,366,65,0
Data/jpg/archieve792.jpg 56,47,223,238,2
Data/jpg/archieve844.jpg 62,11,96,52,2,111,48,169,115,2,200,1,248,43,2,244,65,305,141,2,290,101,342,185,2
Data/jpg/archieve454.jpg 131,55,250,175,2
Data/jpg/archieve610.jpg 117,73,136,99,2,194,24,225,62,2,251,75,268,94,2
Data/jpg/archieve750.jpg 66,32,104,72,2,122,80,173,138,2,257,30,301,86,2
Data/jpg/archieve300.jpg 123,139,217,267,2
Data/jpg/archieve148.jpg 9,55,29,79,2,32,50,56,74,2,102,26,120,49,2,87,73,105,99,2,117,63,137,88,2,148,65,171,91,2,168,47,191,70,2,194,59,217,84,2,217,50,241,76,2,268,59,288,81,2,291,59,308,85,2,323,49,349,77,2,366,47,390,73,2,127,39,148,61,2,392,86,401,106,2
Data/jpg/archieve772.jpg 65,179,137,263,2,254,189,332,276,2
Data/jpg/archieve531.jpg 106,61,117,72,2,137,67,152,80,1,188,55,203,72,2,237,70,256,88,2,279,79,297,97,2,323,69,348,92,2,384,62,400,92,2,85,71,94,81,2,74,64,83,75,2,59,65,67,75,2,44,65,54,73,2
Data/jpg/archieve473.jpg 244,165,292,220,2,295,135,348,192,2,365,118,389,148,2,318,63,345,88,2,366,55,379,75,2,259,90,291,123,2,244,47,262,69,2,211,116,240,148,2,133,116,162,151,2,192,95,216,118,2,89,112,113,134,2,33,137,62,171,2,10,100,32,123,2,85,55,108,76,2,133,39,154,61,2,186,56,198,72,2,207,66,220,84,2,46,40,69,62,2
Data/jpg/archieve101.jpg 1,45,18,68,1,89,38,115,62,2,161,20,195,54,1,104,104,182,175,2,309,77,375,136,2,267,14,287,32,1
Data/jpg/archieve298.jpg 241,60,271,97,2
Data/jpg/archieve438.jpg 62,165,182,315,2
Data/jpg/archieve752.jpg 15,79,42,105,2,288,88,317,127,2
Data/jpg/archieve526.jpg 109,115,142,150,2,168,9,199,42,2,194,48,231,86,2,216,21,246,54,2,279,69,300,91,2,337,73,357,95,2
Data/jpg/archieve215.jpg 189,88,220,125,2,144,65,178,109,2
Data/jpg/archieve238.jpg 49,124,72,149,2,157,169,182,194,2,188,112,217,140,2
Data/jpg/archieve99.jpg 99,205,198,318,2
Data/jpg/archieve157.jpg 105,76,161,116,0
Data/jpg/archieve308.jpg 58,48,94,88,2,144,17,154,33,2,191,29,210,51,2,229,15,242,31,2,318,77,330,94,2,338,72,349,84,2,350,79,377,102,2
Data/jpg/archieve138.jpg 24,50,44,71,2,59,63,77,83,2,129,56,152,79,2,154,54,171,74,2,170,104,192,128,2,186,55,198,69,2,206,50,217,69,2,216,52,233,73,2,238,61,253,79,2,252,68,269,89,2,275,71,297,96,2,300,49,314,66,2,315,52,332,65,1,344,43,362,62,2,366,47,386,68,2,140,45,155,60,2,113,45,128,59,2
Data/jpg/archieve398.jpg 270,98,313,142,2,189,60,228,100,2,122,73,150,100,2,6,68,41,109,1,334,92,351,110,2,389,56,401,83,2
Data/jpg/archieve597.jpg 76,94,99,121,2,163,113,187,133,2,229,93,243,108,1,271,103,285,121,1,37,100,46,112,2
Data/jpg/archieve626.jpg 49,80,67,97,2,96,47,110,62,2,213,57,230,77,2,350,43,372,67,2
Data/jpg/archieve7.jpg 42,109,66,140,1,2,105,22,125,1,30,88,46,105,1,133,108,174,152,2,221,101,256,139,2,304,131,331,158,1,83,85,96,96,1,167,91,180,108,1
Data/jpg/archieve812.jpg 37,60,112,137,2,145,116,229,209,2,268,16,380,135,1
Data/jpg/archieve661.jpg 101,81,117,97,2,155,101,169,116,2,231,95,239,111,2,274,121,287,131,2,294,104,307,120,2,367,126,377,139,2
Data/jpg/archieve181.jpg 36,149,69,181,2,207,64,239,99,2,213,234,259,277,2,125,156,159,194,1,137,100,172,135,1,136,25,166,46,1
Data/jpg/archieve145.jpg 29,90,60,133,2,92,57,128,88,2,26,42,45,61,2,123,12,140,31,2,175,64,196,86,2,203,50,218,70,2,243,52,257,74,2,218,91,242,117,2,231,138,255,167,2,293,87,320,110,2,235,5,246,21,2,323,25,338,35,2,370,32,398,63,2,184,18,192,32,2
Data/jpg/archieve247.jpg 20,51,30,64,1,107,21,126,44,2,185,89,201,108,2,335,10,357,36,2
Data/jpg/archieve304.jpg 95,33,116,59,2,165,19,186,43,2
Data/jpg/archieve663.jpg 41,104,58,120,2,109,44,131,69,2,149,67,166,86,2,167,83,181,102,2,206,77,224,97,2,291,20,300,39,1,340,77,355,95,1,1,89,8,109,1
Data/jpg/archieve693.jpg 19,89,37,107,2,45,79,64,103,2,97,81,113,101,2,175,80,193,103,2,158,83,170,99,2,210,93,224,108,2,244,93,252,104,2,269,87,286,104,2,308,88,322,103,2
Data/jpg/archieve67.jpg 5,114,58,178,2,125,82,136,95,2,157,82,170,99,2,213,65,225,79,2,51,89,57,96,2,175,80,180,86,2,193,79,200,87,2,253,75,261,80,2,276,75,288,87,2,326,32,395,105,2,290,66,296,74,1,85,86,89,95,2
Data/jpg/archieve392.jpg 11,1,33,13,2,120,7,141,28,2,93,36,114,59,2,161,9,179,28,1,126,37,152,67,2,2,149,50,233,2,230,48,244,67,1,210,61,233,84,1,184,99,213,131,2,265,25,287,52,2,323,43,341,66,2,298,117,327,145,2,363,86,386,108,2
Data/jpg/archieve306.jpg 183,21,215,51,2,28,91,52,113,2,191,143,225,182,2,314,30,345,61,1,92,64,123,89,2
Data/jpg/archieve330.jpg 24,118,55,151,2,83,140,116,176,2,167,97,210,142,2,269,142,291,165,2,310,86,366,135,1
Data/jpg/archieve137.jpg 21,211,53,242,2,129,187,161,219,2,208,189,234,223,2,350,217,395,251,2,377,151,389,162,2,255,156,260,165,2,229,153,234,159,2,155,156,161,163,2,112,158,119,166,1,299,182,304,190,2
Data/jpg/archieve68.jpg 48,227,146,345,2
Data/jpg/archieve411.jpg 166,100,243,175,2,254,125,315,172,2
Data/jpg/archieve222.jpg 62,194,160,320,1
Data/jpg/archieve5.jpg 212,57,251,106,2
Data/jpg/archieve323.jpg 157,107,223,184,2,239,97,347,219,2
Data/jpg/archieve214.jpg 136,259,200,359,2
Data/jpg/archieve836.jpg 66,205,156,330,2
Data/jpg/archieve722.jpg 93,102,118,126,2,178,190,200,211,2
Data/jpg/archieve747.jpg 31,109,93,161,2,83,43,119,86,2,140,70,195,128,2,280,77,366,165,2,360,10,394,46,2
Data/jpg/archieve462.jpg 28,78,43,99,2,160,66,176,83,2,174,33,186,52,2,202,40,216,59,2,237,41,248,58,1,249,44,266,66,0,298,38,311,54,2,333,51,346,70,2,375,47,386,63,2,386,44,400,64,0
Data/jpg/archieve90.jpg 134,86,192,148,2,299,159,354,217,2
Data/jpg/archieve83.jpg 48,94,72,116,2,331,77,356,106,0
Data/jpg/archieve629.jpg 1,162,76,251,2,49,88,86,140,2,63,47,107,101,2,118,94,172,156,2,187,121,267,201,2,252,21,293,69,2,339,16,369,74,2,325,138,389,201,2
Data/jpg/archieve516.jpg 70,53,204,205,2
Data/jpg/archieve762.jpg 159,90,217,164,1
Data/jpg/archieve745.jpg 1,88,13,126,2,57,97,88,134,2,132,92,173,134,2
Data/jpg/archieve42.jpg 100,105,152,158,2
Data/jpg/archieve110.jpg 118,19,295,184,2
Data/jpg/archieve485.jpg 43,38,59,55,2,93,32,118,63,2,233,48,242,56,1,273,51,283,61,1,318,35,330,51,2,353,40,368,58,2
Data/jpg/archieve191.jpg 69,86,103,119,2,171,85,208,123,2,250,33,287,70,2,105,69,126,91,1,214,79,228,97,1,354,79,364,94,1
Data/jpg/archieve394.jpg 2,56,16,74,1,18,46,37,67,1,46,46,59,62,1,50,60,59,82,1,19,109,32,127,1,26,140,49,169,2,47,172,71,203,0,97,273,131,300,1,108,7,120,22,1,111,39,127,60,1,133,51,146,73,1,147,55,159,77,1,97,104,114,124,1,124,148,143,175,2,158,147,175,173,2,193,54,206,71,1,208,54,219,72,1,229,64,241,93,2,261,26,279,53,1,296,39,310,58,1,344,34,365,61,2,339,77,359,111,2,108,10,122,22,1
Data/jpg/archieve279.jpg 132,44,208,123,2,330,67,375,114,2
Data/jpg/archieve547.jpg 137,101,195,172,2
Data/jpg/archieve23.jpg 54,92,82,120,2,132,47,153,71,2,242,94,268,125,2,254,51,266,64,2,263,79,275,92,2,302,81,330,107,1,352,45,377,67,1
Data/jpg/archieve753.jpg 49,146,102,201,2,26,82,70,122,2,73,48,102,78,2,137,42,163,74,2,187,52,220,86,2,226,47,248,70,1,285,35,322,71,2,363,32,397,72,2
Data/jpg/archieve367.jpg 28,57,50,80,2,102,112,124,133,2,163,118,184,142,2,251,212,267,236,2
Data/jpg/archieve199.jpg 295,75,334,115,2,198,91,223,116,2,225,65,248,90,2,119,85,149,115,2
Data/jpg/archieve618.jpg 107,175,209,292,1
Data/jpg/archieve700.jpg 89,284,176,400,1
Data/jpg/archieve15.jpg 17,182,35,202,2,17,101,25,116,2,48,98,61,113,2,17,127,27,144,1,5,133,14,152,1,109,59,132,82,2,140,64,161,85,2,184,68,207,93,2,248,73,267,95,2,291,65,314,90,2,383,96,397,110,2,383,125,398,145,1
Data/jpg/archieve603.jpg 1,248,15,273,1,12,240,36,269,1,66,200,108,248,1,216,272,257,318,1
Data/jpg/archieve24.jpg 72,71,90,88,2,119,70,137,88,2,163,76,185,96,2,36,70,46,82,2,120,55,132,68,2,94,59,102,69,2,153,61,171,81,2,335,70,353,87,2,273,58,290,75,2,232,61,249,78,2,298,61,312,84,1,354,54,365,68,2,38,82,45,98,2
Data/jpg/archieve10.jpg 121,192,212,312,2
Data/jpg/archieve305.jpg 20,54,65,105,2,50,99,122,167,2,188,107,225,141,2,207,59,241,87,2,220,81,250,118,2,244,63,303,118,2,330,73,365,107,2,320,31,344,55,1,367,57,391,82,1,398,74,434,114,2,426,125,483,177,2,440,69,468,96,2,427,29,454,54,2
Data/jpg/archieve514.jpg 81,163,184,279,1
Data/jpg/archieve738.jpg 155,72,241,155,2,309,36,369,104,2
Data/jpg/archieve146.jpg 188,74,241,131,2
Data/jpg/archieve630.jpg 21,12,103,114,2,188,100,283,204,2,298,2,398,91,0
Data/jpg/archieve97.jpg 87,56,135,119,2
Data/jpg/archieve735.jpg 89,26,113,56,1,173,34,206,65,0,98,96,138,127,1,158,92,195,138,0,217,103,252,141,1,350,105,378,139,1,211,160,236,201,2
Data/jpg/archieve651.jpg 12,37,54,79,2,147,47,197,103,2,292,55,315,80,2,381,56,400,77,2
Data/jpg/archieve417.jpg 1,163,32,198,2,49,159,76,183,2,154,45,178,67,2,238,21,260,47,2
Data/jpg/archieve480.jpg 76,236,149,349,1
Data/jpg/archieve11.jpg 155,29,180,51,2,206,35,228,58,2,332,67,346,81,2,362,68,376,82,2,267,72,278,83,1
Data/jpg/archieve365.jpg 120,61,182,129,2,52,68,68,85,2,216,64,238,86,2,299,1,395,88,2
Data/jpg/archieve824.jpg 167,50,196,83,2,223,83,245,111,2
Data/jpg/archieve592.jpg 4,50,20,66,2,49,53,63,68,2,85,55,100,70,2,105,35,118,51,2,127,43,141,60,2,169,49,184,66,2,220,47,234,63,2,255,58,268,72,2,291,56,305,71,2,327,67,344,81,2,373,58,391,75,2
Data/jpg/archieve554.jpg 111,203,221,355,2
Data/jpg/archieve80.jpg 102,54,239,210,2
Data/jpg/archieve134.jpg 120,122,184,194,2,266,92,323,151,2
Data/jpg/archieve574.jpg 85,270,154,373,1
Data/jpg/archieve820.jpg 95,151,192,261,1
Data/jpg/archieve257.jpg 114,47,143,75,2
Data/jpg/archieve165.jpg 9,49,37,72,2,63,43,89,69,2,112,41,140,68,2,150,55,175,73,2,171,52,196,79,2,270,40,295,78,2,324,59,353,94,2,343,128,374,167,2,307,155,340,185,2,230,148,259,180,2,196,116,223,154,2,122,144,158,174,2,42,118,71,152,2
Data/jpg/archieve88.jpg 91,41,126,76,2,193,86,214,112,1,245,90,265,112,1
Data/jpg/archieve627.jpg 69,194,152,302,2
Data/jpg/archieve103.jpg 221,82,297,163,2
Data/jpg/archieve416.jpg 53,79,91,123,1,110,49,144,83,2,244,28,276,67,2,300,75,332,112,2
Data/jpg/archieve639.jpg 24,60,44,83,2,58,75,76,95,2,130,67,152,92,2,154,65,171,83,2,171,116,192,138,2,205,62,217,80,2,216,63,234,84,2,237,72,254,90,2,252,79,269,99,2,274,82,297,106,2,300,60,314,77,2,316,61,331,76,1,345,54,362,74,2,366,58,386,80,2,113,55,127,72,2,184,66,198,81,2,140,56,155,71,2,331,62,341,74,2
Data/jpg/archieve827.jpg 1,132,59,215,2,139,128,224,210,2,331,205,400,277,2
Data/jpg/archieve249.jpg 60,100,186,253,2
Data/jpg/archieve847.jpg 374,66,400,98,2,305,58,337,93,2,43,77,83,127,2,110,95,171,169,2,227,91,255,122,0,267,74,290,96,1
Data/jpg/archieve48.jpg 129,96,175,155,2,220,123,260,169,2
Data/jpg/archieve168.jpg 122,68,195,152,2
Data/jpg/archieve460.jpg 19,46,40,69,2,82,40,99,61,2,98,26,132,64,2,172,41,198,70,2,261,56,280,74,2,285,47,316,81,2,384,38,400,64,2
Data/jpg/archieve115.jpg 33,82,76,127,2,59,64,88,98,2,36,40,55,61,2,101,70,162,132,2,69,29,89,49,2,223,91,265,127,2,240,28,268,52,2,286,56,318,90,2,370,36,398,65,2,1,45,16,70,2
Data/jpg/archieve1.jpg 321,34,354,69,2,224,38,261,73,2,299,58,315,81,2,143,74,174,115,2,74,69,95,99,2,191,67,221,93,2,21,73,44,93,2,369,70,398,99,2,83,56,111,89,1
Data/jpg/archieve680.jpg 55,31,80,62,1,132,61,183,124,2,232,57,279,108,2
Data/jpg/archieve55.jpg 1,20,81,136,2,68,95,124,157,1,116,104,140,144,1,151,89,247,205,2,325,77,397,156,1,243,120,283,179,2
Data/jpg/archieve248.jpg 170,82,212,145,1,215,70,281,151,2
Data/jpg/archieve166.jpg 126,186,185,295,1
Data/jpg/archieve65.jpg 22,78,43,98,2,84,61,111,95,1,144,78,173,119,2,193,71,217,97,2,225,43,259,80,2,297,62,316,86,2,320,40,352,74,2,368,75,395,104,2
Data/jpg/archieve768.jpg 124,159,226,288,2
Data/jpg/archieve98.jpg 230,97,320,182,2
Data/jpg/archieve688.jpg 61,39,96,95,2,90,49,136,110,2,157,50,193,103,2,205,73,233,113,2,251,42,274,82,2,285,71,311,104,2,312,69,328,98,0,322,61,335,86,2,342,75,357,95,2
Data/jpg/archieve476.jpg 97,21,113,40,1,26,57,46,81,1,141,111,165,137,1,190,76,219,106,2,248,54,269,72,1,244,82,270,108,1
Data/jpg/archieve255.jpg 82,139,187,270,2
Data/jpg/archieve135.jpg 183,101,270,185,2
Data/jpg/archieve754.jpg 57,21,88,59,2,84,108,123,147,2,176,53,202,81,2,223,36,252,70,2,315,87,379,146,2
Data/jpg/archieve744.jpg 227,43,252,76,2,281,132,308,156,2
Data/jpg/archieve797.jpg 335,4,359,33,2,294,61,326,85,2,233,24,279,70,2,227,101,270,143,2,152,184,196,230,2
Data/jpg/archieve760.jpg 136,59,153,76,2,194,132,210,148,2,243,136,258,150,2,241,32,261,54,2,330,23,353,52,2
Data/jpg/archieve63.jpg 43,108,107,174,2,77,53,163,140,2,278,92,314,137,2,381,97,392,111,2
Data/jpg/archieve619.jpg 26,56,43,77,2,57,69,77,87,2,115,51,126,65,2,133,61,152,85,2,143,51,155,66,2,155,59,171,78,2,172,107,192,127,2,171,56,177,70,2,186,60,197,75,2,205,58,217,75,2,216,58,233,78,2,238,67,253,83,2,253,72,268,91,2,275,77,296,97,2,284,47,293,60,2,301,55,315,72,2,316,56,330,71,1,332,56,340,67,2,345,51,361,67,2,366,54,385,73,2
Data/jpg/archieve270.jpg 67,197,160,318,2
Data/jpg/archieve758.jpg 78,199,191,333,2
Data/jpg/archieve22.jpg 138,79,176,116,2,217,70,255,107,2
Data/jpg/archieve393.jpg 39,53,73,93,2,129,66,156,96,2,272,79,302,111,2
Data/jpg/archieve171.jpg 109,65,213,161,2
Data/jpg/archieve250.jpg 322,257,368,346,2
Data/jpg/archieve378.jpg 192,120,224,155,2,287,110,319,157,2,134,126,151,146,2,171,132,187,148,2
Data/jpg/archieve129.jpg 14,61,61,110,2,151,96,176,121,2,166,110,199,149,2,241,109,266,135,2,286,58,331,112,2,277,75,288,87,2,244,82,254,91,2
Data/jpg/archieve640.jpg 104,138,218,276,2
Data/jpg/archieve76.jpg 45,69,96,113,2,185,113,222,155,2,271,32,311,75,2,20,90,30,105,2
Data/jpg/archieve310.jpg 112,90,158,132,2,237,61,285,103,2
Data/jpg/archieve158.jpg 44,215,62,231,1,4,158,20,174,1,53,160,68,176,1,11,134,25,148,1,58,123,75,139,1,16,100,31,115,1,59,103,73,113,1,75,89,88,101,1,20,65,33,78,1,34,55,45,64,1,78,57,92,71,1,42,23,54,35,1,77,26,91,40,1,85,11,98,22,1,155,26,162,36,1,185,22,193,33,2,203,19,212,29,2,176,30,188,41,1,178,44,189,55,1,170,69,181,79,2,186,81,194,92,1,177,93,186,105,1,177,114,189,127,1,166,136,181,150,1,181,156,194,167,1,184,201,198,211,1,189,220,206,237,1,182,219,188,230,1,203,103,216,115,2,215,112,229,127,1,218,90,232,103,1,209,89,219,101,1,207,47,214,56,1,213,51,225,63,1,228,22,238,33,1,230,56,242,68,1,250,55,260,64,1,249,80,262,92,1,241,124,253,134,1,220,158,231,172,1,233,170,247,184,1,251,169,264,183,1,253,128,267,142,1,250,224,262,238,1,242,33,253,43,1,260,26,267,36,1,255,14,264,22,1,282,20,291,29,1,271,29,281,36,1,282,39,294,48,1,276,63,290,73,1,290,57,295,68,1,274,87,287,97,1,286,97,299,110,1,299,100,306,111,1,291,124,304,137,1,287,159,302,170,1,301,191,315,204,1,310,211,319,219,1,314,231,328,244,1,301,22,308,29,1
Data/jpg/archieve621.jpg 121,47,158,80,0
Data/jpg/archieve807.jpg 45,33,85,68,2,135,20,169,52,2,227,32,254,61,2,300,30,330,58,2
Data/jpg/archieve400.jpg 60,67,115,117,2,185,77,239,134,0
Data/jpg/archieve470.jpg 178,35,265,133,1
Data/jpg/archieve637.jpg 159,110,193,148,2,214,168,246,205,2,29,150,55,183,2,341,118,376,156,2,240,143,277,186,0,51,221,96,263,1,1,50,27,78,1,133,47,159,76,1,354,266,397,300,1
Data/jpg/archieve633.jpg 60,121,219,301,2
Data/jpg/archieve659.jpg 73,227,161,335,2
Data/jpg/archieve294.jpg 79,48,97,69,2,116,78,134,101,2,161,79,179,96,2,193,53,209,76,2,327,24,361,64,2,345,87,379,128,2
Data/jpg/archieve217.jpg 63,59,77,82,2,131,81,151,102,2,202,78,223,100,2,293,72,315,95,2,343,71,354,99,2,271,73,278,82,1,236,91,243,99,1,236,76,243,83,1,264,76,268,82,2,281,72,286,78,2
Data/jpg/archieve850.jpg 187,83,212,109,2
Data/jpg/archieve511.jpg 7,215,50,256,2,64,190,92,219,2,96,161,148,220,2,183,137,214,179,2,120,53,138,72,2,153,22,168,37,2,163,55,177,73,2,194,31,206,42,2,230,32,245,48,2,219,88,234,105,2,257,124,298,165,2,296,43,310,57,2,332,81,347,96,1,259,44,274,60,1,170,108,189,127,1
Data/jpg/archieve841.jpg 15,101,23,111,2,47,112,61,127,2,62,102,85,128,2,86,102,99,117,2,117,136,141,159,2,17,89,22,94,2,35,88,41,94,2,43,89,52,97,2,53,89,60,96,2,114,89,124,100,2,125,95,132,102,2,129,107,140,116,2,141,86,147,93,2,172,99,183,108,2,163,135,175,146,2,195,95,203,108,2,209,102,222,116,2,202,121,219,150,2,183,78,190,86,2,165,79,174,87,2,249,103,266,117,2,227,91,236,99,2,269,77,275,84,2,264,69,270,75,2,286,124,338,178,2,377,81,393,101,2,345,93,355,104,2,27,126,34,134,2,23,87,29,93,2
Data/jpg/archieve487.jpg 95,177,195,295,1
Data/jpg/archieve493.jpg 163,47,239,137,2
Data/jpg/archieve508.jpg 81,57,104,78,2,106,37,136,66,2,150,58,177,87,2,130,118,155,146,2,178,34,197,59,2,204,28,223,51,2,180,160,205,186,2,279,34,309,66,2,347,1,377,29,2,376,7,400,40,2
Data/jpg/archieve360.jpg 45,47,114,130,2,224,247,350,372,2
Data/jpg/archieve276.jpg 8,147,57,198,1,102,90,175,156,2,211,128,267,233,1
Data/jpg/archieve203.jpg 98,204,195,329,2
Data/jpg/archieve697.jpg 188,67,207,89,1,256,63,277,85,2,312,89,325,105,1,356,77,369,96,1
Data/jpg/archieve160.jpg 156,80,222,155,2
Data/jpg/archieve26.jpg 11,48,41,75,1,91,41,121,72,1,176,56,204,83,1,239,56,266,81,1,301,62,329,87,1,343,74,368,97,1,387,82,400,107,1
Data/jpg/archieve427.jpg 115,47,157,87,2,186,90,231,130,2,307,42,347,84,2,69,64,89,81,1
Data/jpg/archieve77.jpg 40,74,62,90,1,35,116,51,133,2,85,79,97,90,2,169,66,287,188,2,363,51,384,81,1
Data/jpg/archieve604.jpg 72,9,117,75,2,138,100,182,158,2
Data/jpg/archieve192.jpg 89,177,212,333,2
Data/jpg/archieve849.jpg 102,97,140,135,2,64,151,110,201,1,251,88,282,124,1,296,153,335,195,2
Data/jpg/archieve623.jpg 179,81,267,173,2
Data/jpg/archieve696.jpg 45,215,138,336,2
Data/jpg/archieve27.jpg 201,38,345,213,2
Data/jpg/archieve208.jpg 76,72,113,110,2,236,94,274,134,2
Data/jpg/archieve189.jpg 78,80,229,236,2,266,96,374,212,2
Data/jpg/archieve356.jpg 128,46,151,77,2,7,156,19,177,1,20,163,38,183,1,37,151,50,169,1,50,158,59,175,1,59,157,69,173,1,190,112,196,123,1,73,155,82,170,1
Data/jpg/archieve513.jpg 179,126,219,165,2
Data/jpg/archieve204.jpg 175,55,215,93,2,8,169,73,251,2,127,185,178,235,2,265,185,290,226,2,320,199,366,260,2,265,159,280,177,2,325,143,342,155,2,329,169,350,193,0,316,146,325,158,2
Data/jpg/archieve340.jpg 112,214,183,319,1
Data/jpg/archieve144.jpg 46,191,147,324,2
Data/jpg/archieve650.jpg 80,55,102,80,2,174,71,192,90,2,228,79,243,98,2,282,75,296,90,1,365,61,374,70,1
Data/jpg/archieve12.jpg 216,92,372,251,2
Data/jpg/archieve72.jpg 209,108,226,126,2,161,124,184,152,2
Data/jpg/archieve678.jpg 49,183,139,294,2
Data/jpg/archieve388.jpg 282,39,321,84,2,230,34,264,69,2,194,60,232,101,2,99,50,150,99,2
Data/jpg/archieve446.jpg 206,83,238,114,2,226,51,262,82,2
Data/jpg/archieve117.jpg 11,28,37,57,2,100,42,124,67,2,236,48,255,70,2,304,42,329,64,2
Data/jpg/archieve369.jpg 112,87,176,144,2,220,73,294,133,2
Data/jpg/archieve200.jpg 290,80,341,135,2,48,237,79,266,1,117,248,147,266,1
Data/jpg/archieve95.jpg 143,44,169,73,2,171,37,195,65,2,250,25,274,46,2,256,49,283,76,2,262,116,294,145,2,294,43,316,63,2,334,38,350,57,2,320,40,335,57,2,374,47,386,61,2,83,11,109,49,2
Data/jpg/archieve242.jpg 157,82,179,113,1,91,38,133,78,2,241,63,281,105,2,312,67,332,110,2
Data/jpg/archieve549.jpg 75,107,126,185,2,122,78,183,141,2,196,98,235,148,2
Data/jpg/archieve711.jpg 125,59,184,114,2
Data/jpg/archieve786.jpg 29,34,62,68,2,95,53,126,91,2,151,62,177,94,2,188,65,221,103,2,288,21,322,65,2,249,65,272,88,2
Data/jpg/archieve309.jpg 132,75,246,176,2
Data/jpg/archieve121.jpg 34,87,51,103,2,167,91,211,140,2,281,95,316,125,2,347,87,400,171,2
Data/jpg/archieve30.jpg 118,151,216,279,1
Data/jpg/archieve266.jpg 48,33,81,71,2,158,86,182,108,2,203,51,228,82,2,298,34,325,64,2,38,200,56,228,2
Data/jpg/archieve386.jpg 78,49,395,386,2
Data/jpg/archieve687.jpg 1,95,76,172,0,76,128,142,185,1,231,85,278,159,2,297,91,376,169,2
Data/jpg/archieve469.jpg 42,173,154,304,2
Data/jpg/archieve481.jpg 92,201,172,322,2
Data/jpg/archieve774.jpg 6,74,30,97,2,8,113,34,136,2,46,80,80,121,2,90,95,110,117,2,189,33,218,65,2,310,65,352,110,2,355,110,374,132,2,272,112,293,129,2,298,109,312,124,2,92,72,112,91,2,365,92,380,107,2,373,120,385,137,2,217,56,230,80,2
Data/jpg/archieve141.jpg 116,207,222,354,2
Data/jpg/archieve528.jpg 92,17,140,74,2,192,61,230,102,2,250,107,273,132,2,281,127,302,145,2,313,107,333,129,2,341,139,355,158,2
Data/jpg/archieve814.jpg 74,62,120,112,2
Data/jpg/archieve244.jpg 315,59,337,88,2,212,52,240,80,2,136,59,159,86,1,50,82,66,99,1,96,55,107,71,1,32,61,47,76,1,172,77,184,89,1
Data/jpg/archieve371.jpg 181,75,247,148,2
Data/jpg/archieve167.jpg 168,65,234,139,2,309,119,368,191,1,223,89,266,146,1
Data/jpg/archieve39.jpg 100,179,221,318,2
Data/jpg/archieve397.jpg 171,70,232,141,2
Data/jpg/archieve649.jpg 96,87,216,214,2
Data/jpg/archieve231.jpg 143,181,254,321,2
Data/jpg/archieve806.jpg 29,127,50,157,0,103,125,121,146,2,170,134,189,156,2,231,162,249,178,1,261,125,281,145,2,298,125,309,138,2,1,116,10,133,2,205,132,215,143,1
Data/jpg/archieve36.jpg 7,104,46,147,0,162,58,208,112,0,304,95,332,141,1,198,95,223,136,1
Data/jpg/archieve724.jpg 73,168,79,177,1,133,153,140,163,1,191,152,197,163,1,225,154,234,166,1,261,152,271,163,1,287,158,296,169,1,346,152,356,163,1
Data/jpg/archieve523.jpg 101,251,162,355,2
Data/jpg/archieve642.jpg 237,28,271,64,2
Data/jpg/archieve590.jpg 131,86,259,216,2
Data/jpg/archieve437.jpg 60,154,161,278,2
Data/jpg/archieve817.jpg 33,25,66,65,2,171,74,189,91,2,221,48,241,76,2,263,111,282,127,2,337,136,361,161,2
Data/jpg/archieve385.jpg 17,104,55,137,2,52,78,86,111,2,72,56,101,93,0,142,73,177,108,2,180,56,210,90,2,240,68,264,96,2,267,62,298,97,2,332,34,350,61,2,377,39,396,62,2,199,237,230,266,0
Data/jpg/archieve205.jpg 77,206,170,323,2
Data/jpg/archieve466.jpg 3,112,12,122,2,27,178,35,186,2,25,107,35,117,2,51,108,61,120,2,43,137,53,148,1,63,156,71,166,1,49,80,59,90,2,72,82,77,92,2,55,57,64,66,1,34,31,41,40,2,104,149,116,162,2,130,196,143,209,2,117,135,127,147,2,116,105,124,114,1,107,89,115,99,2,146,106,154,116,2,152,152,164,164,2,167,177,178,191,2,154,174,166,188,2,190,202,197,212,2,192,142,203,155,2,184,133,197,141,2,176,98,187,108,2,139,80,150,90,2,89,56,98,63,2,85,46,93,55,1,107,57,117,67,1,122,52,130,60,1,149,58,158,67,2,140,43,150,52,2,108,15,115,23,2,123,8,129,16,2,133,34,140,42,2,163,33,171,40,2,99,43,106,51,2,171,81,181,90,2,186,67,195,78,2,199,78,208,88,2,204,105,212,114,2,247,192,260,205,2,264,212,278,225,2,245,125,255,134,2,248,88,258,96,2,221,82,230,92,2,229,75,237,83,2,232,60,239,68,2,209,43,217,51,2,130,1,136,8,2,166,8,171,15,1,177,4,185,12,2,205,14,212,22,2,223,4,229,11,2,258,28,265,36,2,267,23,274,29,1,262,61,270,68,2,277,85,285,94,2,287,133,299,145,2,287,96,296,106,2,296,107,306,117,2,302,90,311,100,2,300,128,309,138,2,281,14,287,21,2,265,1,272,8,2,292,1,297,8,2,306,5,311,12,2,306,15,312,22,1,295,33,301,40,1,321,43,329,52,2,343,23,350,30,2,348,1,354,7,1,361,22,368,29,2,355,38,363,46,2,352,55,361,64,2,340,62,347,71,2,361,66,369,75,2,379,54,384,60,2,365,81,375,91,2,378,99,388,108,2,384,65,392,75,2,341,15,347,21,2,392,147,400,159,2,391,127,400,138,2,372,112,381,120,2
Data/jpg/archieve580.jpg 72,76,102,105,2,140,68,167,95,2,215,69,238,94,2,304,144,315,156,2,320,125,334,140,1,363,126,385,147,1
Data/jpg/archieve720.jpg 94,198,189,327,2
Data/jpg/archieve734.jpg 107,67,136,95,2,157,80,165,94,0,286,70,300,84,2,319,68,356,104,2
Data/jpg/archieve327.jpg 44,88,161,206,2,241,261,365,390,2
Data/jpg/archieve280.jpg 112,64,133,86,2,271,32,298,58,2
Data/jpg/archieve712.jpg 2,160,36,197,2,27,120,43,138,2,44,112,55,125,2,64,101,74,110,2,5,105,14,113,2,72,123,87,136,2,89,103,100,115,2,92,135,138,184,2,112,103,122,111,2,148,108,155,114,2,155,113,166,123,2,169,128,186,146,2,205,121,230,147,2,199,114,208,128,2,175,112,182,119,2,229,102,240,111,2,276,115,286,123,2,277,101,284,108,2,294,128,304,138,2,288,107,295,112,2,307,116,315,125,2,321,125,340,144,2,352,116,362,126,2,391,129,400,149,2,379,112,391,122,2,215,103,221,109,1
Data/jpg/archieve246.jpg 177,46,200,70,2,305,32,338,60,2
Data/jpg/archieve193.jpg 48,107,218,304,0
Data/jpg/archieve746.jpg 45,43,51,53,2,80,39,97,64,2,156,57,176,75,2,188,46,196,55,2,215,38,227,53,1,253,48,264,65,1,278,40,284,51,2,293,44,301,53,2
Data/jpg/archieve87.jpg 276,76,324,118,2,154,147,199,194,2
Data/jpg/archieve595.jpg 126,62,147,91,0,184,91,201,115,2,307,86,323,105,2,370,95,381,108,1
Data/jpg/archieve111.jpg 44,143,53,156,2,134,118,143,128,0,210,101,220,116,2,271,127,281,140,2,320,113,333,127,2
Data/jpg/archieve851.jpg 196,43,236,91,2,41,73,65,95,2,263,62,287,85,2,344,80,377,106,2
Data/jpg/archieve810.jpg 65,174,180,323,2
Data/jpg/archieve602.jpg 21,48,77,104,2,118,84,163,131,2,157,113,189,146,2,172,65,202,95,2,195,103,240,150,2,260,129,302,173,2,283,42,314,71,2,364,84,399,121,0
Data/jpg/archieve316.jpg 90,183,190,309,2
Data/jpg/archieve761.jpg 17,59,39,82,1,43,59,71,92,2,91,78,120,108,2,110,43,141,77,2,138,82,169,112,2,175,55,204,88,2,235,36,267,71,2,276,67,306,99,2,317,69,343,105,2
Data/jpg/archieve62.jpg 90,200,184,333,1
Data/jpg/archieve44.jpg 51,144,128,239,2,147,169,217,233,2,224,92,309,186,2
Data/jpg/archieve120.jpg 82,75,122,119,2,171,67,206,108,2,270,35,318,83,2,221,86,230,98,2,262,81,271,91,2,68,98,83,115,0,326,83,336,96,1,359,83,369,94,1
Data/jpg/archieve676.jpg 64,161,183,323,2
Data/jpg/archieve826.jpg 82,95,102,126,1,147,98,189,139,2,213,98,260,145,2,328,62,367,104,2
Data/jpg/archieve551.jpg 46,78,65,96,2,118,75,134,93,2,157,76,173,96,2,175,68,191,87,2,243,77,260,96,2,294,78,311,98,2
Data/jpg/archieve591.jpg 92,233,151,338,2
Data/jpg/archieve233.jpg 209,64,232,84,2,238,53,261,77,2,270,77,286,96,2
Data/jpg/archieve717.jpg 83,81,112,113,2,133,73,139,81,2
Data/jpg/archieve558.jpg 143,77,252,184,2
Data/jpg/archieve325.jpg 93,34,119,61,2,174,62,199,92,2,234,91,262,118,2,305,77,336,108,2
Data/jpg/archieve413.jpg 52,28,100,75,2,95,63,123,91,2,151,58,188,101,2,276,40,304,88,2,344,56,377,90,2
Data/jpg/archieve495.jpg 145,200,240,324,1
Data/jpg/archieve136.jpg 113,58,162,104,2
Data/jpg/archieve721.jpg 179,47,283,169,0
Data/jpg/archieve741.jpg 86,177,188,305,2
Data/jpg/archieve184.jpg 21,54,90,119,2,165,18,194,47,2,145,89,195,139,2,110,218,233,267,2,275,88,320,136,2,244,18,274,48,2,338,12,374,48,2
Data/jpg/archieve538.jpg 274,54,345,133,2,157,67,237,164,2,34,57,106,132,2
Data/jpg/archieve593.jpg 94,57,167,131,2
Data/jpg/archieve432.jpg 188,51,211,76,2,41,54,64,78,2
Data/jpg/archieve723.jpg 9,31,19,45,2,29,18,39,30,2,42,38,53,50,2,75,32,89,47,2,97,37,118,55,2,119,18,131,34,2,142,20,152,32,2,202,35,218,54,2,234,28,249,48,2,276,26,298,50,2,313,31,332,52,2,351,27,366,41,2,358,89,370,105,1
Data/jpg/archieve223.jpg 52,53,73,76,2,72,53,92,75,2,112,51,120,68,2,155,60,177,83,2,189,59,210,80,2,235,57,257,78,2,289,60,309,83,2,313,68,333,90,2,351,35,364,59,2
Data/jpg/archieve842.jpg 148,75,201,133,0,27,78,56,106,1
Data/jpg/archieve613.jpg 108,73,155,134,2
Data/jpg/archieve502.jpg 118,78,239,204,2
Data/jpg/archieve524.jpg 148,130,176,161,2,233,126,261,155,2,43,138,62,160,1,108,115,131,137,1,288,116,303,138,1,318,133,336,151,1,365,129,382,148,1,188,132,199,147,1
Data/jpg/archieve453.jpg 79,79,272,269,2
Data/jpg/archieve791.jpg 107,277,216,400,2
Data/jpg/archieve224.jpg 56,41,94,81,2,119,61,146,87,1,166,59,196,83,2,220,31,249,64,2,262,66,290,95,2,292,58,318,86,1,334,131,365,161,2
Data/jpg/archieve530.jpg 105,70,180,155,2,176,79,259,175,2
Data/jpg/archieve94.jpg 158,63,189,99,2,198,56,241,104,2,372,108,390,128,1,35,109,50,130,1
Data/jpg/archieve170.jpg 28,103,60,140,2,15,41,41,71,2,44,10,67,41,2,78,89,104,124,2,56,71,78,99,2,122,103,146,144,2,91,181,129,206,2,150,166,194,206,2,155,57,183,93,2,125,36,150,66,2,207,64,231,94,2,216,146,249,179,2,240,103,265,140,2,230,51,256,85,2,255,13,277,41,2,206,10,225,30,1,296,72,319,102,2,306,120,342,162,2,333,119,356,151,2,373,76,401,114,2,359,27,384,58,2,368,3,389,22,2,327,61,354,90,2,381,162,400,206,2
Data/jpg/archieve509.jpg 58,167,173,317,2
Data/jpg/archieve59.jpg 59,131,64,138,1,82,127,89,134,2,101,142,105,146,2,111,132,116,138,2,126,131,132,138,2,134,134,139,140,2,143,134,149,139,2,170,142,180,152,0,225,105,235,117,2,278,100,288,113,2
Data/jpg/archieve533.jpg 150,26,193,86,2,204,127,245,175,2,274,51,286,72,1
Data/jpg/archieve275.jpg 54,18,141,108,2,272,26,386,158,2,100,254,149,325,2,246,251,349,354,2
Data/jpg/archieve512.jpg 191,105,258,183,2
Data/jpg/archieve289.jpg 23,40,44,61,2,59,54,76,73,2,114,35,126,49,2,130,47,152,71,2,140,35,154,49,2,155,44,171,63,2,169,96,191,117,2,185,45,197,59,2,206,42,218,59,2,217,43,234,63,2,238,52,253,68,2,252,59,271,79,2,274,62,296,84,2,298,39,314,57,2,316,42,331,55,1,345,33,362,53,2,368,38,385,59,2,332,42,341,54,2
Data/jpg/archieve61.jpg 89,21,112,44,2,289,21,311,44,1
Data/jpg/archieve566.jpg 109,139,218,271,2
Data/jpg/archieve267.jpg 89,210,180,303,2
Data/jpg/archieve156.jpg 91,208,189,317,1
Data/jpg/archieve698.jpg 64,176,166,301,2
Data/jpg/archieve118.jpg 73,133,118,188,2,137,103,175,143,2,175,96,203,121,2,220,91,252,123,2,254,101,294,144,2,278,51,313,88,2,27,113,45,139,2
Data/jpg/archieve448.jpg 1,41,43,125,2,48,39,118,124,2,162,47,221,123,2,242,30,298,105,2,301,51,351,118,2,357,65,401,132,2
Data/jpg/archieve816.jpg 150,56,223,136,2
Data/jpg/archieve126.jpg 144,99,276,219,2
Data/jpg/archieve342.jpg 171,69,239,144,0
Data/jpg/archieve264.jpg 101,73,108,82,1,123,67,143,83,2,178,64,185,72,1,167,114,183,128,2,225,60,240,76,2,261,65,277,82,2,282,75,295,92,1,330,20,362,56,2
Data/jpg/archieve620.jpg 26,58,40,74,2,61,58,77,77,2,84,48,95,59,1,94,35,110,50,1,133,44,151,61,1,191,51,212,76,2,210,41,219,56,0,231,39,248,57,1,255,36,273,54,0,318,26,341,53,2,295,28,306,40,2,283,47,293,58,2,18,38,30,52,1
Data/jpg/archieve143.jpg 273,87,300,116,2,344,60,366,88,2,246,50,271,82,2,146,104,169,126,2,163,80,184,103,2,1,69,33,130,2,124,86,142,104,2,98,78,119,96,2,31,78,46,93,2,72,78,88,91,2,58,72,66,82,2,200,70,211,82,2
Data/jpg/archieve195.jpg 230,70,306,151,2
Data/jpg/archieve600.jpg 32,35,89,96,2,241,56,261,77,2,336,47,367,80,2,186,62,200,93,2
Data/jpg/archieve125.jpg 92,203,205,356,2
Data/jpg/archieve268.jpg 63,99,75,113,2,102,79,117,95,2,142,84,155,99,2,129,92,142,102,1,195,79,209,95,2,213,86,228,103,2,245,71,260,86,2,299,91,312,104,1
Data/jpg/archieve433.jpg 46,37,66,55,2,129,51,158,70,1,192,52,203,64,1,272,47,281,56,2,290,46,317,64,1,330,47,337,54,1,342,41,363,58,1,373,41,387,52,1
Data/jpg/archieve100.jpg 124,48,143,96,1,201,89,235,121,1,226,15,271,66,2
Data/jpg/archieve91.jpg 58,182,165,316,2
Data/jpg/archieve295.jpg 83,56,117,95,2,179,51,212,87,2,263,62,295,101,2
Data/jpg/archieve220.jpg 102,17,112,31,2,87,26,103,41,2,50,125,82,156,2,123,102,148,130,2,157,57,179,82,2,157,4,165,12,2,180,7,187,17,2,217,13,229,24,2,207,44,228,68,2,216,81,241,108,2,250,43,273,67,2,294,22,306,35,1,318,27,332,44,2,310,5,321,17,2,334,3,348,16,2,354,10,367,20,2
Data/jpg/archieve273.jpg 80,40,90,50,2,96,14,110,27,2,236,25,261,50,2,318,94,342,115,2
Data/jpg/archieve811.jpg 8,62,47,95,2,123,45,138,59,2,162,50,174,65,2,245,45,260,60,2,268,26,285,45,2,342,33,374,73,2,277,85,294,102,2,320,49,342,67,1,149,39,158,50,1,113,37,121,50,2,75,30,89,48,1,214,29,228,43,2
Data/jpg/archieve302.jpg 135,135,241,263,1
Data/jpg/archieve586.jpg 69,100,214,267,2
Data/jpg/archieve374.jpg 94,48,115,71,2,85,164,106,182,2,164,51,193,86,2,229,25,267,72,2,263,57,291,87,2
Data/jpg/archieve546.jpg 66,189,172,316,2
Data/jpg/archieve636.jpg 54,180,164,327,2
Data/jpg/archieve362.jpg 14,185,22,201,1,31,186,48,205,2,67,181,74,193,2,97,194,113,210,2,126,146,136,158,1,135,150,149,163,2,153,155,165,165,0,142,171,155,185,1,122,181,137,194,2,159,173,174,189,2,176,159,190,176,2,214,153,226,165,2,194,179,210,196,2,203,197,220,217,2,233,148,248,164,2,221,248,240,267,1,222,125,233,135,2,201,115,210,126,2,242,126,252,137,2,287,106,297,116,2,312,110,319,118,2,358,130,368,139,2
Data/jpg/archieve106.jpg 184,69,199,87,2,205,67,216,78,1
Data/jpg/archieve612.jpg 179,74,218,117,2,264,96,294,141,2,341,77,362,103,1
Data/jpg/archieve408.jpg 11,89,53,149,2,71,60,122,111,2,142,117,197,167,2,265,53,310,104,2
Data/jpg/archieve472.jpg 81,92,167,190,1,192,96,268,171,2
Data/jpg/archieve57.jpg 59,144,125,213,2,82,330,118,366,2
Data/jpg/archieve232.jpg 3,65,96,163,0,146,28,249,140,2,287,180,343,225,1
Data/jpg/archieve662.jpg 297,174,337,215,2,319,125,350,156,1,164,134,195,165,1,189,167,230,206,2,372,135,396,158,2,59,148,92,189,2,20,124,42,148,2,98,143,116,170,2,131,132,152,153,2,146,117,169,146,2,196,118,220,143,2,220,121,236,140,2,240,98,252,113,2,283,89,300,103,2,112,122,128,142,1,42,103,56,118,2,141,95,159,113,2,183,84,196,98,1,204,80,210,90,2,254,79,261,88,2,166,85,175,95,2,98,76,106,84,2,268,93,282,106,2,226,107,238,122,2,362,79,371,90,2,380,76,389,88,2,310,89,317,98,2,372,76,380,86,2
Data/jpg/archieve396.jpg 115,222,225,373,1
Data/jpg/archieve348.jpg 21,98,43,120,2,84,81,111,114,1,142,101,174,141,2,191,91,217,117,2,226,63,260,100,2,299,85,313,104,2,321,60,353,95,2,370,94,396,122,2
Data/jpg/archieve572.jpg 36,104,49,127,2,77,114,84,125,2,108,117,118,132,2,194,102,206,117,1,176,141,197,166,2,250,95,259,108,2,238,131,260,152,2,305,120,319,132,2,341,111,354,120,2,322,144,341,167,0
Data/jpg/archieve402.jpg 7,52,24,72,1,26,58,53,94,2,58,69,70,80,2,111,50,133,76,2,134,63,148,82,2,206,69,221,88,2,226,56,241,76,1,243,75,260,95,2,307,80,328,104,2,155,91,166,101,1,375,58,383,66,2,278,58,288,70,2
Data/jpg/archieve657.jpg 25,54,43,76,2,58,67,76,88,2,132,62,152,85,2,115,51,127,65,2,143,52,154,63,2,154,61,172,77,2,170,55,177,69,2,173,106,192,127,2,186,60,198,74,2,205,58,217,74,2,216,59,233,78,2,238,66,254,84,2,252,71,271,93,2,275,75,297,99,2,282,44,294,61,2,299,55,316,73,2,316,57,332,71,1,345,50,362,67,2,366,53,385,73,2,332,57,341,68,2
Data/jpg/archieve846.jpg 82,72,104,92,2,150,78,165,94,2,171,78,195,103,2,181,101,207,129,2,219,82,234,97,2,248,76,267,95,2,271,77,297,103,2,292,62,309,82,2,388,72,401,92,2
Data/jpg/archieve227.jpg 199,124,242,169,2,149,28,190,84,2,266,52,278,69,1
Data/jpg/archieve715.jpg 152,151,256,300,2
Data/jpg/archieve18.jpg 4,83,75,161,1,80,58,153,141,2
Data/jpg/archieve660.jpg 156,47,183,80,0,90,39,123,72,2
Data/jpg/archieve583.jpg 4,202,30,230,2,38,179,64,206,2,57,164,78,187,0,30,109,47,126,1,26,76,42,98,2,4,70,18,88,2,23,2,43,22,1,109,9,130,29,2,93,58,115,75,2,97,111,115,133,2,136,214,164,240,2,195,173,220,193,2,212,190,241,215,2,188,94,211,117,2,181,58,206,79,2,185,28,208,46,2,247,111,266,131,2,254,56,275,78,2,287,55,310,78,2,359,149,387,167,2,345,75,369,95,2,320,41,338,59,2,319,15,337,30,2
Data/jpg/archieve631.jpg 6,56,70,127,2,286,68,348,139,2,344,79,400,137,2
Data/jpg/archieve852.jpg 181,54,273,162,0,99,87,176,165,2,289,99,355,233,2
Data/jpg/archieve287.jpg 219,35,263,85,2
Data/jpg/archieve353.jpg 130,20,149,39,2,173,82,196,102,2,276,77,295,99,2,300,93,318,120,2
Data/jpg/archieve782.jpg 36,9,60,29,2,133,35,153,56,2,180,71,202,94,2,312,76,344,109,2
Data/jpg/archieve837.jpg 139,94,198,147,2,92,86,132,125,1
Data/jpg/archieve475.jpg 66,30,100,66,1,165,85,200,120,2,251,88,285,123,2,309,107,350,146,1
Data/jpg/archieve196.jpg 56,241,145,334,2
Data/jpg/archieve96.jpg 89,139,121,187,2,115,112,139,154,2,165,102,195,126,2,270,69,288,86,2
Data/jpg/archieve567.jpg 91,103,239,265,1
Data/jpg/archieve66.jpg 2,56,24,78,2,29,70,42,85,2,90,55,104,72,2,113,52,133,76,2,133,60,144,74,2,151,70,166,85,2,180,70,195,84,2,217,78,238,98,2,238,52,256,70,2,280,59,293,74,2,293,56,310,75,2,323,82,342,101,2,354,64,371,86,2,166,68,174,78,2
Data/jpg/archieve733.jpg 91,80,140,140,2,154,103,206,163,2,273,87,339,146,1
Data/jpg/archieve813.jpg 167,77,220,133,0
Data/jpg/archieve666.jpg 18,82,64,131,1,18,198,66,245,1,237,136,288,186,2,113,47,148,73,1,278,17,320,68,1,340,98,383,139,1,342,217,396,256,1
Data/jpg/archieve764.jpg 59,50,111,100,1,23,118,76,179,2,92,109,136,164,2,147,111,202,170,2,188,60,233,97,1,247,84,285,132,2,292,99,352,162,2,360,79,401,139,2
Data/jpg/archieve389.jpg 94,60,118,83,2,124,72,147,93,2,157,44,186,78,2,265,242,295,276,2
Data/jpg/archieve240.jpg 1,33,38,89,2,59,38,93,83,2,169,61,201,102,2,348,57,380,95,2,214,112,236,130,2,301,133,320,152,2,325,133,346,156,2,251,137,272,156,2,236,125,255,145,2
Data/jpg/archieve501.jpg 116,141,234,291,2
Data/jpg/archieve835.jpg 46,52,64,81,2,146,30,176,60,2,323,47,351,78,2
Data/jpg/archieve615.jpg 30,184,142,327,2
Data/jpg/archieve577.jpg 118,171,212,297,1
Data/jpg/archieve496.jpg 328,33,350,57,2,366,70,384,92,0,249,44,268,63,2,278,71,292,87,2,29,47,46,67,2,37,63,59,88,0,179,40,205,67,0,68,67,90,91,1,1,46,18,63,1,137,57,155,76,1,235,51,249,67,1,282,33,301,51,1,89,54,103,71,1
Data/jpg/archieve714.jpg 111,40,151,77,0
Data/jpg/archieve272.jpg 85,131,232,284,1
Data/jpg/archieve510.jpg 5,134,73,206,2,85,118,126,161,2,108,74,134,98,1,148,100,182,133,2,184,67,198,94,1,198,72,241,120,2,241,75,275,116,2,261,22,279,41,1,337,40,356,57,2,357,30,379,53,2,287,62,306,81,2,299,79,328,111,2,371,84,398,115,2,275,187,329,225,2,171,17,184,30,2,233,23,245,39,1,305,6,318,17,1
Data/jpg/archieve686.jpg 101,174,209,299,1
Data/jpg/archieve703.jpg 93,136,136,181,2,248,93,309,163,2
Data/jpg/archieve422.jpg 116,156,225,302,2
Data/jpg/archieve692.jpg 102,200,200,330,2
Data/jpg/archieve345.jpg 91,208,172,320,2
Data/jpg/archieve70.jpg 123,227,190,328,1
Data/jpg/archieve497.jpg 27,177,140,311,2
Data/jpg/archieve341.jpg 101,264,182,370,2
Data/jpg/archieve197.jpg 122,38,222,160,0,274,112,310,153,1
Data/jpg/archieve314.jpg 97,64,120,89,2,163,75,185,95,2,207,70,229,96,2,247,73,267,96,2,356,148,362,156,1,379,135,385,144,1
Data/jpg/archieve788.jpg 109,134,206,253,2
Data/jpg/archieve474.jpg 319,128,486,307,0
Data/jpg/archieve435.jpg 85,149,212,280,2
Data/jpg/archieve130.jpg 75,75,158,161,2,245,95,315,171,2
Data/jpg/archieve601.jpg 99,44,116,64,2,151,41,171,61,2,306,21,326,42,2,354,32,357,38,2,275,32,277,35,1,243,34,246,37,2,207,38,208,40,2,216,37,218,39,2,217,36,219,39,2,226,35,227,37,2,230,36,231,38,2
Data/jpg/archieve494.jpg 46,39,56,50,1,101,50,112,63,1,194,34,205,51,1,230,24,243,41,1,252,51,270,69,1,295,40,306,50,1,282,42,291,52,1,267,42,278,55,1,259,32,269,42,1,337,31,350,46,1
Data/jpg/archieve218.jpg 92,76,168,162,2
Data/jpg/archieve375.jpg 79,174,126,226,2,206,120,259,178,2
Data/jpg/archieve690.jpg 112,176,207,291,1
Data/jpg/archieve834.jpg 84,54,199,167,2
Data/jpg/archieve808.jpg 94,87,122,121,2,147,78,159,87,2,19,65,41,92,2,190,84,207,105,2,244,80,257,99,2,336,78,397,122,2,159,74,167,83,2,318,70,328,80,2
Data/jpg/archieve444.jpg 101,24,132,62,1,222,44,253,77,2
Data/jpg/archieve670.jpg 98,150,199,265,1
Data/jpg/archieve212.jpg 50,96,120,171,2,223,81,285,159,0,279,44,340,114,0
Data/jpg/archieve185.jpg 234,79,266,116,2,338,66,368,99,2,119,88,149,126,2,146,98,166,122,2,77,92,100,124,2,2,108,31,141,2
Data/jpg/archieve579.jpg 80,180,212,356,2
Data/jpg/archieve28.jpg 92,106,191,224,2,227,129,321,229,2
Data/jpg/archieve539.jpg 2,44,33,81,2,83,84,112,118,2,152,104,181,136,2,218,92,243,127,2,268,94,297,121,2,316,96,342,122,2,344,92,357,112,2,359,92,381,116,1,189,74,216,98,1,250,82,266,110,1
Data/jpg/archieve795.jpg 114,262,207,379,2
Data/jpg/archieve439.jpg 91,80,163,158,2
Data/jpg/archieve822.jpg 50,81,68,99,2,96,47,109,63,2,212,56,230,77,2,354,42,372,67,2
Data/jpg/archieve278.jpg 156,54,254,163,2,35,170,90,223,2,234,17,294,96,1
Data/jpg/archieve159.jpg 172,74,246,147,2
Data/jpg/archieve821.jpg 142,161,253,324,2
Data/jpg/archieve550.jpg 11,64,40,94,2,88,61,119,95,2,184,49,210,83,2,217,64,246,97,2,243,52,271,78,2,276,42,311,70,2,322,35,346,66,2,353,26,384,61,2
Data/jpg/archieve794.jpg 99,100,340,382,2
Data/jpg/archieve64.jpg 327,33,352,59,2,27,47,47,65,2,249,43,268,63,2,278,73,291,87,2,366,70,385,91,0,181,40,203,67,0,36,63,59,88,0,1,45,19,64,1,68,68,90,91,1,87,55,102,71,1,137,58,155,74,1,233,50,250,67,1,281,33,300,51,1
Data/jpg/archieve689.jpg 25,86,40,104,2,52,86,80,108,2,151,81,171,108,2,177,110,186,120,1,212,106,218,114,2,229,81,259,111,2,307,61,343,103,2,218,118,225,125,2,373,114,383,123,2
Data/jpg/archieve383.jpg 89,155,187,264,1
Data/jpg/archieve150.jpg 109,117,180,198,2
Data/jpg/archieve436.jpg 125,132,220,264,2
Data/jpg/archieve320.jpg 209,73,247,113,2,287,60,328,115,0,354,109,400,191,2,156,20,173,37,1
Data/jpg/archieve58.jpg 60,136,164,260,2
Data/jpg/archieve292.jpg 37,60,60,88,1,194,71,230,107,2,329,25,352,52,1
Data/jpg/archieve40.jpg 92,19,117,50,2,156,22,177,48,1,179,24,197,47,2,183,74,205,100,2,269,70,285,89,2,343,15,359,34,1,302,43,318,59,2
Data/jpg/archieve716.jpg 111,166,199,280,2
Data/jpg/archieve598.jpg 37,36,55,54,2,162,24,192,54,2,176,109,202,127,2,261,36,287,63,2,312,33,329,45,2,357,27,371,42,2
Data/jpg/archieve759.jpg 202,145,228,174,0,289,86,327,127,2
Data/jpg/archieve695.jpg 303,24,328,53,2
Data/jpg/archieve704.jpg 291,47,323,83,2,347,51,359,66,2,230,49,259,79,2,197,49,221,79,2,151,46,175,68,2,107,47,129,72,2,59,54,75,74,1,39,63,57,84,1
Data/jpg/archieve380.jpg 81,25,102,47,2,101,30,114,50,0,122,48,134,62,2,158,46,172,61,2,184,49,216,77,2,240,40,253,60,2,303,29,323,52,2,353,30,371,51,0
Data/jpg/archieve482.jpg 71,197,169,322,2
Data/jpg/archieve787.jpg 19,47,35,61,2,58,42,73,57,2,85,63,93,71,2,108,56,125,69,2,165,28,184,49,2,212,34,230,58,2,248,59,259,70,0,274,37,296,62,2,370,22,394,44,2
Data/jpg/archieve331.jpg 40,43,82,91,2,181,58,252,128,2,303,49,358,107,2
Data/jpg/archieve401.jpg 17,37,41,59,2,68,21,87,38,2,114,32,132,48,2,147,31,170,53,2,207,20,223,37,2,238,27,251,43,2,267,27,282,40,2,287,22,302,39,2,326,30,348,51,2,357,27,375,45,2
Data/jpg/archieve45.jpg 2,28,19,46,2,23,36,45,59,2,30,71,51,92,1,4,177,35,209,2,93,15,117,34,2,99,74,122,100,2,56,132,79,162,0,36,152,65,183,2,138,191,165,221,2,182,13,209,36,2,188,55,213,80,2,196,146,219,168,2,213,164,243,193,2,253,13,277,35,2,246,73,268,98,2,286,10,314,38,2,320,1,341,15,2,345,34,372,57,2,358,116,388,141,2
Data/jpg/archieve315.jpg 324,89,340,111,2,256,111,274,128,2,195,96,215,114,2,139,105,158,126,2,64,95,82,121,2
Data/jpg/archieve644.jpg 125,66,200,148,2
Data/jpg/archieve202.jpg 25,54,43,72,2,69,25,82,38,2,94,68,111,84,2,142,18,155,30,2,158,31,174,48,2,197,84,218,107,2,175,15,190,30,2,201,18,215,32,2,239,62,257,81,2,236,49,250,63,2,164,17,174,25,1,233,22,242,33,1,235,7,245,16,2,260,31,273,42,2,247,2,257,12,1,274,15,284,27,0,294,9,306,22,2,305,12,310,21,2,287,10,295,19,1,347,11,359,21,1,376,21,388,33,2
Data/jpg/archieve755.jpg 23,43,59,82,2,77,20,112,61,2,139,41,163,71,2,189,71,212,98,2,323,77,335,97,2
Data/jpg/archieve455.jpg 69,96,146,173,2,196,38,254,103,2,253,90,319,164,2,326,77,363,121,2
Data/jpg/archieve337.jpg 101,49,134,91,1,133,75,166,111,1,228,102,263,148,2,346,62,367,101,2
Data/jpg/archieve142.jpg 145,56,209,121,2
Data/jpg/archieve252.jpg 177,58,208,91,2,26,113,44,130,2,57,130,72,143,2,117,133,129,147,2,89,138,98,150,2,102,147,112,158,2,250,138,261,150,2,246,172,254,182,1,302,101,317,121,2,333,108,347,127,2,359,66,383,99,2
Data/jpg/archieve190.jpg 163,88,251,185,2
Data/jpg/archieve617.jpg 88,70,206,195,2
Data/jpg/archieve801.jpg 7,53,27,75,2,57,67,79,89,2,149,45,172,72,2,192,36,215,65,2,241,74,262,97,2,331,58,354,88,2
Data/jpg/archieve284.jpg 4,162,33,194,2,27,121,41,138,2,43,113,52,125,2,72,123,86,136,2,89,103,99,116,2,65,101,73,110,2,94,135,136,185,2,157,113,166,122,2,112,103,120,111,2,170,129,185,145,2,206,121,229,147,2,194,114,200,123,2,176,113,183,119,2,229,102,239,112,2,276,115,286,123,2,295,129,304,139,2,321,125,340,145,2,353,116,361,126,2,392,131,400,150,2,263,109,267,114,2,278,101,284,107,2,290,107,295,112,2,307,116,315,126,2,381,113,389,123,2,392,109,396,115,2
Data/jpg/archieve440.jpg 1,47,26,97,1,77,24,134,98,0,99,174,168,224,2,170,64,224,125,1,224,70,267,121,2,274,61,330,122,1,291,189,356,224,2,329,117,388,181,2,351,53,389,92,1
Data/jpg/archieve390.jpg 63,34,95,63,1,222,40,272,84,2,250,159,279,203,1
Data/jpg/archieve52.jpg 91,89,114,111,0,183,102,203,122,0,310,96,333,119,1
Data/jpg/archieve258.jpg 24,79,56,107,2,92,44,125,79,2,166,65,203,100,2,284,39,343,98,2
Data/jpg/archieve560.jpg 251,22,270,44,2
Data/jpg/archieve351.jpg 119,81,147,117,2,103,42,123,60,2,203,23,226,48,2,314,15,342,46,2
Data/jpg/archieve664.jpg 39,83,149,216,2,239,95,368,235,2
Data/jpg/archieve682.jpg 90,213,171,321,2
Data/jpg/archieve643.jpg 188,50,227,89,2,363,104,389,139,2
Data/jpg/archieve109.jpg 169,84,213,128,2
Data/jpg/archieve498.jpg 84,39,100,56,2,192,31,212,51,2,315,48,332,68,2
Data/jpg/archieve329.jpg 218,57,307,164,2
Data/jpg/archieve234.jpg 109,50,172,114,0
Data/jpg/archieve749.jpg 65,71,86,92,2,148,60,175,88,2,218,61,241,85,2,290,63,312,83,1,370,70,391,89,1,380,18,393,30,1,251,6,258,17,1,227,11,232,19,1,325,31,330,38,1,295,31,301,37,1,280,29,286,35,1,172,24,179,32,2,145,30,151,36,1,83,24,89,31,1,58,24,65,33,1,25,22,31,31,1,2,22,10,29,1
Data/jpg/archieve25.jpg 59,185,183,336,2
Data/jpg/archieve34.jpg 106,69,124,89,1,149,30,168,53,1,246,40,271,69,2
Data/jpg/archieve608.jpg 91,188,201,334,2
Data/jpg/archieve243.jpg 67,53,164,174,2,283,25,326,69,1
Data/jpg/archieve56.jpg 38,98,71,130,2,180,103,215,136,2,287,53,315,85,2,315,57,341,89,2,330,104,359,133,2,324,180,348,210,2
Data/jpg/archieve668.jpg 18,117,45,145,1,62,120,85,143,1,96,128,120,157,1,152,71,203,126,2,326,117,353,144,2
Data/jpg/archieve802.jpg 178,58,247,142,2
Data/jpg/archieve6.jpg 42,54,94,110,2,188,46,236,106,2,261,88,303,130,2,368,112,400,151,2
Data/jpg/archieve113.jpg 93,60,153,124,2
Data/jpg/archieve332.jpg 153,122,251,223,2
Data/jpg/archieve418.jpg 45,69,73,96,2,109,80,134,109,2,164,64,198,100,2,243,96,267,127,2,303,84,339,130,1,350,67,372,105,2
Data/jpg/archieve93.jpg 117,48,167,98,1,206,49,271,109,2
Data/jpg/archieve616.jpg 77,69,130,112,2,280,54,329,99,2
Data/jpg/archieve74.jpg 15,111,114,219,2,324,135,410,238,2
Data/jpg/archieve299.jpg 354,36,375,64,2,314,23,339,53,2,253,35,278,61,2,195,54,212,77,2,175,57,191,75,2,104,48,127,70,2,41,69,64,93,2,62,65,80,88,2,16,51,30,64,2
Data/jpg/archieve582.jpg 138,66,171,99,2,267,59,299,86,2,322,76,342,100,2,352,62,380,94,2,377,83,394,102,2
Data/jpg/archieve303.jpg 160,37,263,154,0
Data/jpg/archieve445.jpg 118,54,161,96,2,364,30,401,66,1,192,106,229,144,1,249,95,291,139,2
Data/jpg/archieve500.jpg 145,98,181,132,2
Data/jpg/archieve534.jpg 25,75,43,95,2,52,68,67,84,2,74,61,86,74,2,98,78,117,97,2,159,75,178,94,2,187,49,220,84,2,234,53,251,76,2,273,81,285,93,2,297,65,314,85,2,335,81,349,97,2,369,73,383,90,2,385,72,393,85,2,107,59,118,69,2
Data/jpg/archieve784.jpg 72,31,94,51,2,107,91,125,108,2,177,45,196,63,2,357,43,374,60,2,269,50,284,64,2,237,46,251,58,2,221,54,232,66,2,26,45,37,55,2,112,34,122,45,2,132,43,140,52,2,152,45,160,53,2,386,49,393,56,2
Data/jpg/archieve563.jpg 132,47,159,81,2
Data/jpg/archieve588.jpg 175,89,196,120,2,70,93,81,104,2
Data/jpg/archieve324.jpg 51,131,81,159,2,96,130,126,158,2,197,126,219,150,2,281,137,305,157,2,315,130,332,147,2,387,114,400,131,2
Data/jpg/archieve399.jpg 22,110,47,136,1,105,86,149,143,2,146,118,182,159,2
Data/jpg/archieve622.jpg 113,97,252,251,0
Data/jpg/archieve571.jpg 173,88,296,231,2
Data/jpg/archieve366.jpg 34,153,63,175,2,87,140,111,161,2,116,133,135,153,2,138,207,168,234,2,177,115,203,138,2,292,110,324,138,2,366,133,382,153,2,205,95,220,115,2,245,87,255,104,2,218,63,232,78,2,180,56,191,68,2,58,110,72,128,2,101,93,116,105,0,55,92,65,103,2,134,105,151,120,2,121,64,130,76,2,56,62,66,74,2,79,81,89,91,2,34,87,43,97,2,27,72,35,80,2,86,54,94,62,2
Data/jpg/archieve596.jpg 79,112,232,318,2
Data/jpg/archieve681.jpg 30,48,46,66,2,87,52,101,67,2,186,43,208,67,2,199,110,217,125,2,264,52,283,74,2,305,50,319,62,2,340,45,351,56,2,369,53,383,65,2
Data/jpg/archieve819.jpg 241,88,277,122,2,150,186,179,218,2,100,158,125,185,2,201,68,231,102,2,114,79,143,113,2
Data/jpg/archieve606.jpg 52,198,172,337,2
Data/jpg/archieve465.jpg 62,135,92,158,2,236,97,257,123,2,339,89,352,102,2,187,79,201,100,2
Data/jpg/archieve585.jpg 191,96,244,148,2
Data/jpg/archieve253.jpg 164,77,230,152,2,192,116,276,183,2
Data/jpg/archieve297.jpg 48,44,184,205,2,379,61,480,205,2
Data/jpg/archieve718.jpg 146,228,223,328,2
Data/jpg/archieve31.jpg 106,45,158,104,2,194,62,215,88,2,226,2,267,97,1
Data/jpg/archieve241.jpg 124,110,184,173,2,272,117,320,163,2
Data/jpg/archieve503.jpg 41,56,82,99,2,149,108,186,146,2,255,146,290,184,2,342,143,378,178,2,203,114,241,149,2
Data/jpg/archieve831.jpg 3,205,32,225,2,35,178,63,208,2,56,160,78,187,0,28,98,48,119,1,96,101,116,126,2,93,40,116,61,2,25,62,43,86,2,3,54,16,74,2,211,190,240,219,2,195,172,221,194,2,188,82,212,106,2,181,40,206,61,2,184,7,207,24,2,254,38,276,63,2,246,99,268,122,2,288,37,312,63,2,318,22,341,42,2,345,61,372,84,2,361,143,387,166,2
Data/jpg/archieve154.jpg 50,56,64,71,2,191,37,232,83,2
Data/jpg/archieve43.jpg 38,143,53,161,1,76,146,95,164,1,114,142,131,163,2,158,165,175,185,2,217,153,241,174,1,283,158,310,181,1
Data/jpg/archieve529.jpg 170,43,195,69,2,36,99,54,114,1,234,153,258,186,1,383,127,400,150,1,220,86,230,102,1
Data/jpg/archieve525.jpg 122,196,210,319,1
Data/jpg/archieve296.jpg 129,118,171,167,2,208,123,243,155,2,266,125,281,151,1
Data/jpg/archieve767.jpg 60,121,87,148,2,183,117,208,146,2,239,165,256,183,2,282,149,300,169,2,330,100,356,128,2
Data/jpg/archieve350.jpg 71,53,104,88,2,174,32,204,70,2,291,80,340,134,2
Data/jpg/archieve463.jpg 57,198,164,330,2
Data/jpg/archieve665.jpg 169,168,234,243,2,352,66,400,131,2,1,136,37,182,0,317,214,353,248,0,275,61,318,107,0,28,109,55,147,1,328,87,356,135,1
Data/jpg/archieve239.jpg 143,39,309,257,2
Data/jpg/archieve355.jpg 340,146,353,159,2,49,158,58,168,2
Data/jpg/archieve518.jpg 134,191,229,316,1
Data/jpg/archieve451.jpg 31,170,135,296,2
Data/jpg/archieve825.jpg 134,184,223,296,1
Data/jpg/archieve520.jpg 80,61,116,100,2,228,42,260,80,2,304,47,339,84,2,135,69,156,90,1,35,69,55,91,1
Data/jpg/archieve562.jpg 73,58,121,109,2,247,40,304,94,2
Data/jpg/archieve431.jpg 2,104,47,156,1,51,61,121,133,2,159,79,218,140,2,215,81,270,139,2,288,58,349,119,2
Data/jpg/archieve796.jpg 117,77,179,117,0
Data/jpg/archieve333.jpg 305,93,334,135,2,324,84,351,111,2,191,98,228,134,2,155,60,183,96,2,106,70,129,98,2,51,54,81,90,2,236,54,275,87,2,267,56,298,91,1
Data/jpg/archieve359.jpg 65,78,97,114,2,111,109,130,130,2,182,41,221,83,2,212,79,233,100,2,302,53,341,94,2
Data/jpg/archieve732.jpg 224,53,244,73,2,318,48,338,72,2,144,48,180,85,2,66,68,83,85,2,25,57,37,73,2
Data/jpg/archieve456.jpg 151,1,242,57,2
Data/jpg/archieve349.jpg 190,100,267,186,2,317,198,391,274,2
Data/jpg/archieve545.jpg 94,133,109,148,2,140,105,158,120,2,174,98,190,114,2,230,99,244,115,2,294,108,307,123,2
Data/jpg/archieve450.jpg 196,141,240,182,2,245,68,294,122,2
Data/jpg/archieve614.jpg 186,41,217,77,2
Data/jpg/archieve421.jpg 36,102,157,243,2,246,134,362,250,2
Data/jpg/archieve347.jpg 34,153,62,176,2,88,138,111,163,2,139,207,168,234,2,116,135,135,154,2,135,103,152,121,2,101,91,115,106,0,58,109,72,127,2,56,91,65,103,2,80,81,89,91,2,176,115,202,139,2,205,96,221,115,2,291,110,324,139,2,366,131,381,154,2,246,87,255,105,2,217,62,231,78,2,180,56,192,68,2,121,63,130,76,2,34,83,42,99,2,26,70,34,82,2,55,60,67,74,2,87,53,95,62,2
